0.983838
0.983838
0.983838
0.983838
0.983838
0.983838
0.983838
0.983838
0.983838
0.983838
0.983838
0.983838
0.983838
0.983838
0.983838
0.983838
0.983838
0.983838
0.983838
0.983838
0.983838
0.983838
0.983838
0.983838
0.983838
0.983838
0.983838
0.983838
0.983838
0.983838
0.983838
0.983838
0.983838
0.983838
0.983838
0.983838
0.983838
0.983838
0.983838
0.983838
0.983838
0.983838
0.983838
0.983838
0.983838
0.983838
0.983838
0.983838
0.983838
0.983838
0.983838
0.983838
0.983838
0.983838
0.983838
0.983838
0.983838
0.983838
0.983838
0.983838
0.983838
0.983838
0.983838
0.983838
0.983838
0.983838
0.981818
0.975758
0.969697
0.961616
0.955556
0.953535
0.955556
0.953535
0.959596
0.971717
0.975758
0.981818
0.983838
0.983838
0.983838
0.983838
0.983838
0.983838
0.983838
0.983838
0.983838
0.983838
0.983838
0.983838
0.983838
0.981818
0.975758
0.961616
0.935354
0.866667
0.781818
0.707071
0.626263
0.575758
0.585859
0.577778
0.638384
0.717172
0.814141
0.876768
0.923232
0.961616
0.979798
0.983838
0.983838
0.983838
0.983838
0.983838
0.983838
0.983838
0.983838
0.983838
0.981818
0.977778
0.957576
0.905051
0.806061
0.721212
0.589899
0.442424
0.327273
0.248485
0.232323
0.254545
0.365657
0.480808
0.638384
0.743434
0.860606
0.931313
0.975758
0.983838
0.983838
0.983838
0.983838
0.983838
0.983838
0.983838
0.979798
0.979798
0.977778
0.961616
0.917172
0.80202
0.678788
0.561616
0.416162
0.284848
0.2
0.133333
0.115152
0.129293
0.20202
0.307071
0.452525
0.626263
0.765657
0.892929
0.965657
0.983838
0.983838
0.983838
0.983838
0.983838
0.983838
0.983838
0.981818
0.979798
0.971717
0.927273
0.816162
0.688889
0.561616
0.4
0.250505
0.151515
0.139394
0.119192
0.123232
0.105051
0.133333
0.187879
0.29899
0.488889
0.694949
0.846465
0.947475
0.983838
0.983838
0.983838
0.983838
0.983838
0.983838
0.983838
0.981818
0.975758
0.943434
0.876768
0.737374
0.589899
0.387879
0.274747
0.191919
0.169697
0.19798
0.222222
0.250505
0.212121
0.187879
0.155556
0.248485
0.353535
0.567677
0.793939
0.917172
0.983838
0.983838
0.983838
0.983838
0.983838
0.983838
0.983838
0.981818
0.963636
0.89899
0.765657
0.632323
0.432323
0.266667
0.19596
0.2
0.260606
0.335354
0.39798
0.428283
0.408081
0.311111
0.20404
0.2
0.30303
0.464646
0.690909
0.907071
0.983838
0.983838
0.983838
0.983838
0.983838
0.983838
0.983838
0.981818
0.929293
0.836364
0.674747
0.490909
0.30101
0.191919
0.187879
0.274747
0.379798
0.492929
0.608081
0.648485
0.585859
0.470707
0.311111
0.20202
0.242424
0.373737
0.608081
0.880808
0.983838
0.983838
0.983838
0.983838
0.983838
0.983838
0.983838
0.975758
0.888889
0.735354
0.555556
0.361616
0.214141
0.20202
0.276768
0.39596
0.549495
0.660606
0.767677
0.80404
0.755556
0.585859
0.391919
0.224242
0.208081
0.331313
0.573737
0.840404
0.979798
0.981818
0.983838
0.983838
0.983838
0.983838
0.983838
0.969697
0.812121
0.632323
0.438384
0.242424
0.181818
0.252525
0.389899
0.557576
0.711111
0.846465
0.905051
0.905051
0.824242
0.686869
0.456566
0.254545
0.212121
0.305051
0.537374
0.820202
0.977778
0.981818
0.983838
0.983838
0.983838
0.981818
0.983838
0.947475
0.755556
0.543434
0.331313
0.189899
0.19798
0.333333
0.50101
0.707071
0.836364
0.919192
0.945455
0.941414
0.856566
0.70101
0.50101
0.268687
0.206061
0.321212
0.525253
0.8
0.979798
0.981818
0.983838
0.983838
0.983838
0.983838
0.983838
0.925253
0.666667
0.430303
0.236364
0.179798
0.256566
0.440404
0.640404
0.818182
0.917172
0.957576
0.967677
0.945455
0.832323
0.684848
0.466667
0.272727
0.232323
0.331313
0.539394
0.80404
0.981818
0.983838
0.983838
0.983838
0.983838
0.983838
0.981818
0.905051
0.6
0.361616
0.19798
0.193939
0.307071
0.541414
0.749495
0.894949
0.951515
0.979798
0.969697
0.925253
0.793939
0.612121
0.412121
0.258586
0.252525
0.379798
0.577778
0.820202
0.981818
0.983838
0.983838
0.983838
0.983838
0.983838
0.981818
0.870707
0.553535
0.307071
0.165657
0.2
0.379798
0.630303
0.842424
0.919192
0.967677
0.973737
0.933333
0.854545
0.70101
0.50101
0.347475
0.246465
0.290909
0.438384
0.646465
0.850505
0.981818
0.983838
0.983838
0.983838
0.983838
0.983838
0.983838
0.832323
0.519192
0.276768
0.165657
0.216162
0.410101
0.658586
0.848485
0.915152
0.947475
0.923232
0.866667
0.735354
0.529293
0.381818
0.266667
0.236364
0.359596
0.539394
0.719192
0.886869
0.983838
0.983838
0.983838
0.983838
0.983838
0.983838
0.981818
0.822222
0.519192
0.276768
0.157576
0.20404
0.422222
0.640404
0.789899
0.846465
0.856566
0.808081
0.690909
0.521212
0.373737
0.284848
0.224242
0.309091
0.464646
0.632323
0.806061
0.915152
0.981818
0.983838
0.983838
0.983838
0.983838
0.983838
0.979798
0.834343
0.563636
0.305051
0.163636
0.20202
0.309091
0.474747
0.638384
0.676768
0.662626
0.587879
0.452525
0.345455
0.246465
0.20202
0.266667
0.40202
0.589899
0.743434
0.888889
0.951515
0.981818
0.983838
0.983838
0.983838
0.983838
0.983838
0.979798
0.864646
0.622222
0.391919
0.2
0.143434
0.181818
0.244444
0.347475
0.373737
0.357576
0.311111
0.248485
0.19798
0.171717
0.232323
0.408081
0.575758
0.69899
0.856566
0.935354
0.973737
0.981818
0.981818
0.983838
0.983838
0.983838
0.983838
0.981818
0.90303
0.727273
0.492929
0.288889
0.157576
0.109091
0.107071
0.113131
0.151515
0.173737
0.161616
0.133333
0.147475
0.244444
0.406061
0.565657
0.717172
0.856566
0.923232
0.967677
0.979798
0.981818
0.981818
0.983838
0.983838
0.983838
0.983838
0.981818
0.939394
0.820202
0.654545
0.454545
0.29899
0.177778
0.111111
0.0909091
0.0929293
0.109091
0.137374
0.189899
0.331313
0.466667
0.628283
0.759596
0.850505
0.921212
0.965657
0.979798
0.983838
0.981818
0.981818
0.983838
0.983838
0.983838
0.983838
0.983838
0.977778
0.925253
0.840404
0.705051
0.539394
0.391919
0.272727
0.236364
0.238384
0.266667
0.345455
0.466667
0.6
0.747475
0.840404
0.90101
0.951515
0.969697
0.977778
0.981818
0.983838
0.983838
0.983838
0.983838
0.983838
0.983838
0.983838
0.983838
0.979798
0.979798
0.967677
0.953535
0.917172
0.866667
0.832323
0.79798
0.787879
0.8
0.818182
0.848485
0.90101
0.933333
0.957576
0.971717
0.979798
0.979798
0.981818
0.983838
0.983838
0.983838
0.983838
0.983838
0.983838
0.983838
0.983838
0.983838
0.983838
0.983838
0.983838
0.983838
0.983838
0.981818
0.979798
0.977778
0.977778
0.977778
0.979798
0.979798
0.983838
0.983838
0.983838
0.983838
0.983838
0.983838
0.983838
0.983838
0.983838
0.983838
0.983838
0.983838
0.983838
0.983838
0.983838
0.983838
0.983838
0.983838
0.983838
0.983838
0.983838
0.983838
0.983838
0.983838
0.983838
0.983838
0.983838
0.983838
0.983838
0.983838
0.983838
0.983838
0.983838
0.983838
0.983838
0.983838
0.983838
0.983838
0.983838
0.983838
0.983838
0.983838
0.983838
0.983838
0.983838
0.983838
0.983838
0.983838
0.983838
0.983838
0.983838
0.983838
0.983838
0.983838
0.983838
0.983838
0.983838
0.983838
0.983838
0.983838
0.983838
0.983838
0.983838
0.983838
0.983838
0.983838
0.983838
0.983838
0.986183
0.986183
0.986183
0.986183
0.986183
0.986183
0.986183
0.986183
0.986183
0.986183
0.986183
0.986183
0.986183
0.986183
0.986183
0.986183
0.986183
0.986183
0.986183
0.986183
0.986183
0.986183
0.986183
0.986183
0.986183
0.986183
0.986183
0.986183
0.986183
0.986183
0.986183
0.986183
0.986183
0.986183
0.986183
0.986183
0.986183
0.986183
0.986183
0.986183
0.986183
0.986183
0.986183
0.986183
0.986183
0.986183
0.986183
0.986183
0.986183
0.986183
0.986183
0.986183
0.986183
0.986183
0.986183
0.986183
0.986183
0.986183
0.986183
0.986183
0.986183
0.986183
0.986183
0.986183
0.986183
0.986183
0.986183
0.984456
0.984456
0.974093
0.97582
0.968912
0.97582
0.977547
0.977547
0.981002
0.982729
0.982729
0.986183
0.986183
0.986183
0.986183
0.986183
0.986183
0.986183
0.986183
0.986183
0.986183
0.984456
0.986183
0.986183
0.984456
0.984456
0.982729
0.970639
0.948187
0.899827
0.816926
0.763385
0.744387
0.765112
0.746114
0.744387
0.780656
0.851468
0.924007
0.962003
0.982729
0.984456
0.986183
0.986183
0.986183
0.986183
0.986183
0.984456
0.984456
0.986183
0.986183
0.982729
0.981002
0.981002
0.979275
0.958549
0.918826
0.846287
0.70639
0.613126
0.554404
0.528497
0.531952
0.554404
0.626943
0.775475
0.880829
0.946459
0.977547
0.982729
0.986183
0.984456
0.986183
0.986183
0.986183
0.986183
0.986183
0.986183
0.986183
0.982729
0.981002
0.977547
0.977547
0.951641
0.913644
0.830743
0.682211
0.535406
0.47323
0.428325
0.452504
0.511226
0.611399
0.773748
0.88601
0.955095
0.979275
0.982729
0.986183
0.986183
0.986183
0.986183
0.986183
0.986183
0.984456
0.984456
0.984456
0.981002
0.979275
0.977547
0.97582
0.958549
0.915371
0.818653
0.654577
0.487047
0.379965
0.348877
0.407599
0.506045
0.645941
0.816926
0.92228
0.967185
0.981002
0.986183
0.986183
0.986183
0.986183
0.986183
0.986183
0.986183
0.984456
0.984456
0.986183
0.984456
0.981002
0.977547
0.97582
0.963731
0.913644
0.80829
0.633851
0.42487
0.28152
0.265976
0.411054
0.525043
0.716753
0.88601
0.951641
0.974093
0.986183
0.986183
0.986183
0.986183
0.986183
0.986183
0.984456
0.986183
0.984456
0.986183
0.986183
0.984456
0.982729
0.979275
0.974093
0.965458
0.917098
0.810017
0.594128
0.338515
0.16753
0.241796
0.42487
0.602763
0.785838
0.930915
0.977547
0.984456
0.986183
0.986183
0.986183
0.986183
0.986183
0.986183
0.984456
0.986183
0.986183
0.986183
0.986183
0.984456
0.984456
0.979275
0.972366
0.968912
0.925734
0.803109
0.533679
0.208981
0.0863558
0.229706
0.469775
0.683938
0.875648
0.965458
0.982729
0.986183
0.986183
0.986183
0.984456
0.986183
0.986183
0.986183
0.986183
0.986183
0.986183
0.986183
0.986183
0.984456
0.979275
0.977547
0.97582
0.968912
0.944732
0.791019
0.419689
0.100173
0.0587219
0.243523
0.533679
0.791019
0.949914
0.982729
0.984456
0.986183
0.986183
0.986183
0.984456
0.986183
0.986183
0.986183
0.986183
0.986183
0.986183
0.986183
0.986183
0.981002
0.981002
0.979275
0.97582
0.974093
0.951641
0.749568
0.272884
0.0328152
0.0466321
0.259067
0.62867
0.889465
0.972366
0.986183
0.984456
0.986183
0.986183
0.986183
0.986183
0.986183
0.986183
0.986183
0.986183
0.986183
0.986183
0.986183
0.984456
0.982729
0.982729
0.981002
0.977547
0.977547
0.939551
0.635579
0.117444
0.0224525
0.044905
0.317789
0.758204
0.946459
0.984456
0.986183
0.986183
0.986183
0.986183
0.986183
0.986183
0.986183
0.986183
0.986183
0.986183
0.986183
0.986183
0.986183
0.982729
0.984456
0.986183
0.984456
0.981002
0.968912
0.884283
0.483592
0.0569948
0.0172712
0.0673575
0.493955
0.877375
0.972366
0.984456
0.984456
0.984456
0.986183
0.986183
0.986183
0.984456
0.984456
0.986183
0.986183
0.986183
0.986183
0.986183
0.986183
0.986183
0.986183
0.982729
0.982729
0.981002
0.958549
0.777202
0.345423
0.0518135
0.0172712
0.117444
0.632124
0.925734
0.97582
0.984456
0.984456
0.984456
0.986183
0.986183
0.986183
0.986183
0.986183
0.986183
0.986183
0.986183
0.986183
0.986183
0.984456
0.984456
0.982729
0.982729
0.982729
0.974093
0.896373
0.64076
0.286701
0.0518135
0.0345423
0.233161
0.739206
0.946459
0.979275
0.979275
0.986183
0.986183
0.986183
0.986183
0.986183
0.986183
0.986183
0.986183
0.986183
0.986183
0.986183
0.986183
0.984456
0.982729
0.982729
0.982729
0.97582
0.937824
0.772021
0.531952
0.260794
0.0604491
0.105354
0.43696
0.780656
0.949914
0.974093
0.97582
0.984456
0.986183
0.986183
0.986183
0.986183
0.986183
0.984456
0.986183
0.986183
0.986183
0.986183
0.986183
0.986183
0.986183
0.982729
0.979275
0.960276
0.868739
0.675302
0.457686
0.238342
0.0984456
0.208981
0.556131
0.787565
0.932642
0.967185
0.970639
0.977547
0.981002
0.984456
0.984456
0.984456
0.986183
0.984456
0.982729
0.986183
0.986183
0.986183
0.986183
0.986183
0.984456
0.984456
0.970639
0.911917
0.763385
0.594128
0.409326
0.253886
0.177893
0.354059
0.595855
0.787565
0.936097
0.958549
0.968912
0.972366
0.977547
0.982729
0.982729
0.982729
0.984456
0.986183
0.982729
0.986183
0.986183
0.986183
0.984456
0.984456
0.982729
0.970639
0.93437
0.834197
0.680484
0.530225
0.402418
0.290155
0.291883
0.450777
0.625216
0.773748
0.92228
0.956822
0.967185
0.974093
0.974093
0.981002
0.982729
0.981002
0.981002
0.986183
0.986183
0.986183
0.986183
0.986183
0.984456
0.984456
0.982729
0.956822
0.903282
0.772021
0.621762
0.504318
0.404145
0.350604
0.385147
0.525043
0.645941
0.765112
0.8981
0.951641
0.972366
0.974093
0.979275
0.982729
0.984456
0.982729
0.984456
0.984456
0.986183
0.986183
0.986183
0.986183
0.984456
0.984456
0.977547
0.955095
0.867012
0.727116
0.597582
0.500864
0.455959
0.43696
0.474957
0.544041
0.656304
0.777202
0.896373
0.948187
0.972366
0.977547
0.982729
0.984456
0.984456
0.984456
0.984456
0.986183
0.986183
0.986183
0.986183
0.986183
0.986183
0.984456
0.974093
0.955095
0.880829
0.749568
0.621762
0.554404
0.561313
0.559585
0.566494
0.595855
0.70639
0.80829
0.901554
0.955095
0.974093
0.979275
0.984456
0.986183
0.986183
0.986183
0.986183
0.986183
0.986183
0.986183
0.986183
0.986183
0.986183
0.986183
0.982729
0.97582
0.956822
0.917098
0.875648
0.848014
0.849741
0.856649
0.853195
0.858377
0.894646
0.936097
0.960276
0.977547
0.982729
0.984456
0.986183
0.986183
0.986183
0.986183
0.986183
0.986183
0.986183
0.986183
0.986183
0.986183
0.986183
0.986183
0.986183
0.986183
0.986183
0.984456
0.981002
0.981002
0.982729
0.984456
0.981002
0.981002
0.984456
0.986183
0.986183
0.986183
0.986183
0.986183
0.986183
0.986183
0.986183
0.986183
0.986183
0.986183
0.986183
0.986183
0.986183
0.986183
0.986183
0.986183
0.986183
0.986183
0.986183
0.986183
0.986183
0.986183
0.986183
0.986183
0.986183
0.986183
0.986183
0.986183
0.986183
0.986183
0.986183
0.986183
0.986183
0.986183
0.986183
0.986183
0.986183
0.986183
0.986183
0.986183
0.986183
0.986183
0.986183
0.986183
0.986183
0.986183
0.986183
0.986183
0.986183
0.986183
0.986183
0.986183
0.986183
0.986183
0.986183
0.986183
0.986183
0.986183
0.986183
0.986183
0.986183
0.986183
0.986183
0.986183
0.986183
0.986183
0.986183
0.984127
0.984127
0.984127
0.984127
0.984127
0.984127
0.984127
0.984127
0.984127
0.984127
0.984127
0.984127
0.984127
0.984127
0.984127
0.980159
0.980159
0.982143
0.984127
0.984127
0.984127
0.984127
0.984127
0.984127
0.984127
0.984127
0.984127
0.984127
0.984127
0.984127
0.984127
0.984127
0.984127
0.984127
0.984127
0.982143
0.982143
0.980159
0.978175
0.97619
0.964286
0.962302
0.962302
0.962302
0.96627
0.964286
0.974206
0.978175
0.984127
0.984127
0.984127
0.982143
0.982143
0.984127
0.984127
0.984127
0.984127
0.984127
0.984127
0.984127
0.984127
0.982143
0.974206
0.962302
0.944444
0.910714
0.878968
0.827381
0.785714
0.751984
0.730159
0.71627
0.765873
0.811508
0.865079
0.90873
0.946429
0.96627
0.978175
0.982143
0.982143
0.984127
0.984127
0.984127
0.984127
0.984127
0.984127
0.984127
0.984127
0.968254
0.946429
0.922619
0.865079
0.775794
0.706349
0.611111
0.517857
0.446429
0.410714
0.412698
0.444444
0.52381
0.646825
0.761905
0.853175
0.902778
0.954365
0.982143
0.982143
0.982143
0.984127
0.984127
0.984127
0.984127
0.984127
0.984127
0.978175
0.950397
0.916667
0.853175
0.755952
0.65873
0.541667
0.43254
0.345238
0.271825
0.244048
0.228175
0.269841
0.327381
0.450397
0.597222
0.720238
0.827381
0.910714
0.96627
0.982143
0.982143
0.984127
0.984127
0.984127
0.984127
0.984127
0.982143
0.974206
0.940476
0.892857
0.809524
0.686508
0.561508
0.450397
0.361111
0.305556
0.271825
0.242063
0.240079
0.236111
0.257937
0.343254
0.480159
0.642857
0.751984
0.869048
0.954365
0.982143
0.984127
0.984127
0.984127
0.984127
0.984127
0.982143
0.980159
0.960317
0.920635
0.863095
0.78373
0.668651
0.559524
0.458333
0.39881
0.367063
0.375
0.40873
0.373016
0.34127
0.293651
0.35119
0.446429
0.565476
0.724206
0.835317
0.934524
0.982143
0.984127
0.984127
0.984127
0.984127
0.984127
0.982143
0.980159
0.958333
0.914683
0.878968
0.791667
0.714286
0.625
0.571429
0.559524
0.563492
0.565476
0.571429
0.535714
0.462302
0.367063
0.355159
0.40873
0.529762
0.686508
0.821429
0.93254
0.984127
0.984127
0.984127
0.984127
0.984127
0.984127
0.982143
0.980159
0.958333
0.918651
0.878968
0.833333
0.795635
0.742063
0.698413
0.690476
0.688492
0.710317
0.698413
0.632937
0.513889
0.402778
0.367063
0.410714
0.525794
0.698413
0.815476
0.93254
0.978175
0.984127
0.984127
0.984127
0.984127
0.984127
0.984127
0.984127
0.972222
0.944444
0.910714
0.892857
0.859127
0.829365
0.821429
0.815476
0.829365
0.849206
0.765873
0.672619
0.531746
0.40873
0.376984
0.420635
0.525794
0.710317
0.825397
0.936508
0.978175
0.982143
0.984127
0.984127
0.984127
0.984127
0.984127
0.984127
0.970238
0.954365
0.948413
0.93254
0.922619
0.90873
0.894841
0.890873
0.884921
0.863095
0.767857
0.642857
0.5
0.396825
0.357143
0.434524
0.55754
0.724206
0.849206
0.952381
0.972222
0.978175
0.984127
0.984127
0.984127
0.984127
0.984127
0.982143
0.978175
0.970238
0.960317
0.950397
0.936508
0.922619
0.902778
0.902778
0.876984
0.799603
0.694444
0.571429
0.440476
0.357143
0.365079
0.460317
0.607143
0.763889
0.873016
0.952381
0.968254
0.974206
0.982143
0.984127
0.984127
0.984127
0.984127
0.982143
0.980159
0.968254
0.958333
0.936508
0.906746
0.880952
0.855159
0.797619
0.746032
0.666667
0.565476
0.452381
0.35119
0.31746
0.378968
0.496032
0.668651
0.803571
0.89881
0.946429
0.964286
0.97619
0.982143
0.984127
0.984127
0.984127
0.984127
0.982143
0.970238
0.952381
0.928571
0.869048
0.785714
0.702381
0.660714
0.583333
0.498016
0.414683
0.369048
0.301587
0.287698
0.313492
0.422619
0.543651
0.720238
0.819444
0.902778
0.930556
0.952381
0.978175
0.982143
0.984127
0.984127
0.984127
0.984127
0.980159
0.964286
0.902778
0.823413
0.704365
0.605159
0.531746
0.454365
0.369048
0.291667
0.228175
0.220238
0.224206
0.269841
0.331349
0.444444
0.575397
0.698413
0.801587
0.861111
0.900794
0.930556
0.96627
0.978175
0.984127
0.984127
0.984127
0.984127
0.968254
0.928571
0.821429
0.696429
0.563492
0.458333
0.376984
0.321429
0.230159
0.176587
0.162698
0.15873
0.202381
0.259921
0.347222
0.448413
0.551587
0.666667
0.738095
0.785714
0.847222
0.890873
0.94246
0.97619
0.984127
0.984127
0.984127
0.984127
0.958333
0.875
0.724206
0.56746
0.454365
0.380952
0.329365
0.271825
0.240079
0.198413
0.168651
0.188492
0.22619
0.257937
0.34127
0.388889
0.498016
0.575397
0.630952
0.700397
0.779762
0.837302
0.918651
0.972222
0.982143
0.984127
0.984127
0.984127
0.938492
0.833333
0.656746
0.498016
0.388889
0.331349
0.289683
0.267857
0.248016
0.196429
0.190476
0.21627
0.240079
0.291667
0.329365
0.392857
0.43254
0.505952
0.587302
0.636905
0.718254
0.81746
0.918651
0.974206
0.982143
0.984127
0.984127
0.982143
0.93254
0.791667
0.626984
0.452381
0.363095
0.309524
0.253968
0.234127
0.18254
0.194444
0.208333
0.222222
0.305556
0.339286
0.384921
0.404762
0.438492
0.492063
0.539683
0.644841
0.742063
0.821429
0.930556
0.978175
0.984127
0.984127
0.984127
0.982143
0.928571
0.795635
0.628968
0.472222
0.359127
0.261905
0.222222
0.188492
0.178571
0.206349
0.267857
0.355159
0.418651
0.436508
0.44246
0.460317
0.472222
0.5
0.593254
0.678571
0.763889
0.855159
0.94246
0.980159
0.984127
0.984127
0.984127
0.982143
0.94246
0.833333
0.694444
0.553571
0.426587
0.347222
0.263889
0.253968
0.281746
0.35119
0.426587
0.52381
0.585317
0.603175
0.59127
0.59127
0.575397
0.613095
0.668651
0.765873
0.837302
0.902778
0.958333
0.980159
0.984127
0.984127
0.984127
0.984127
0.968254
0.914683
0.803571
0.700397
0.575397
0.501984
0.444444
0.438492
0.47619
0.553571
0.636905
0.700397
0.734127
0.751984
0.742063
0.736111
0.75
0.765873
0.803571
0.857143
0.912698
0.938492
0.968254
0.980159
0.984127
0.984127
0.984127
0.984127
0.978175
0.958333
0.922619
0.876984
0.833333
0.805556
0.78373
0.779762
0.793651
0.821429
0.859127
0.884921
0.884921
0.882937
0.882937
0.878968
0.89881
0.906746
0.924603
0.94246
0.962302
0.97619
0.980159
0.982143
0.984127
0.984127
0.984127
0.984127
0.982143
0.978175
0.97619
0.964286
0.958333
0.962302
0.964286
0.958333
0.960317
0.960317
0.962302
0.962302
0.962302
0.962302
0.96627
0.968254
0.964286
0.968254
0.972222
0.97619
0.978175
0.984127
0.984127
0.984127
0.984127
0.984127
0.984127
0.984127
0.984127
0.984127
0.984127
0.984127
0.984127
0.984127
0.984127
0.984127
0.984127
0.984127
0.984127
0.984127
0.984127
0.984127
0.982143
0.982143
0.982143
0.982143
0.984127
0.984127
0.984127
0.984127
0.984127
0.984127
0.984127
0.984127
0.984127
0.984127
0.984127
0.984127
0.984127
0.984127
0.984127
0.984127
0.984127
0.984127
0.984127
0.984127
0.984127
0.984127
0.984127
0.984127
0.984127
0.984127
0.984127
0.984127
0.984127
0.984127
0.984127
0.984127
0.984127
0.984127
0.984127
0.984127
0.984127
0.984127
0.984127
0.984127
0.984127
0.984127
0.984127
0.984127
0.984127
0.984127
0.984127
0.984127
0.984127
0.984127
0.984127
0.984127
0.984127
0.984127
0.984127
0.984127
0.984127
0.984127
0.984127
0.984127
0.984127
0.984127
0.984127
0.984283
0.984283
0.984283
0.984283
0.984283
0.984283
0.984283
0.984283
0.984283
0.984283
0.984283
0.984283
0.984283
0.984283
0.984283
0.984283
0.984283
0.984283
0.984283
0.984283
0.984283
0.984283
0.984283
0.984283
0.984283
0.984283
0.984283
0.984283
0.984283
0.984283
0.984283
0.984283
0.984283
0.984283
0.984283
0.984283
0.984283
0.984283
0.984283
0.984283
0.984283
0.984283
0.984283
0.984283
0.984283
0.984283
0.984283
0.984283
0.984283
0.984283
0.984283
0.984283
0.984283
0.984283
0.984283
0.984283
0.984283
0.984283
0.984283
0.984283
0.984283
0.982318
0.982318
0.982318
0.980354
0.976424
0.97446
0.964637
0.958743
0.952849
0.952849
0.952849
0.954813
0.958743
0.97053
0.972495
0.980354
0.982318
0.984283
0.984283
0.984283
0.984283
0.984283
0.984283
0.984283
0.984283
0.984283
0.982318
0.980354
0.97053
0.962672
0.931238
0.903733
0.862475
0.779961
0.707269
0.646365
0.605108
0.585462
0.591356
0.636542
0.695481
0.772102
0.836935
0.915521
0.952849
0.976424
0.980354
0.984283
0.984283
0.984283
0.984283
0.984283
0.984283
0.984283
0.976424
0.960707
0.931238
0.899804
0.831041
0.738703
0.620825
0.483301
0.37721
0.302554
0.247544
0.222004
0.231827
0.284872
0.392927
0.506876
0.618861
0.75835
0.868369
0.943026
0.97446
0.984283
0.984283
0.984283
0.984283
0.984283
0.984283
0.984283
0.964637
0.941061
0.901768
0.805501
0.713163
0.589391
0.46169
0.302554
0.223969
0.172888
0.129666
0.11002
0.108055
0.119843
0.214145
0.353635
0.479371
0.626719
0.781925
0.882122
0.960707
0.984283
0.984283
0.984283
0.984283
0.984283
0.982318
0.984283
0.962672
0.927308
0.878193
0.785855
0.691552
0.552063
0.442043
0.369352
0.306483
0.290766
0.282908
0.24558
0.204322
0.218075
0.210216
0.273084
0.383104
0.548134
0.738703
0.86444
0.939096
0.984283
0.984283
0.984283
0.984283
0.984283
0.984283
0.984283
0.958743
0.921415
0.888016
0.815324
0.750491
0.658153
0.587426
0.550098
0.557957
0.563851
0.561886
0.526523
0.418468
0.32613
0.286837
0.302554
0.37721
0.540275
0.740668
0.868369
0.941061
0.984283
0.984283
0.984283
0.984283
0.984283
0.984283
0.982318
0.968566
0.948919
0.913556
0.856582
0.827112
0.785855
0.760314
0.746562
0.742633
0.709234
0.671906
0.595285
0.46169
0.32613
0.249509
0.284872
0.418468
0.585462
0.768173
0.89391
0.956778
0.984283
0.984283
0.984283
0.984283
0.984283
0.984283
0.982318
0.978389
0.97053
0.946955
0.921415
0.909627
0.878193
0.846758
0.815324
0.781925
0.709234
0.607073
0.477407
0.330059
0.210216
0.222004
0.3222
0.506876
0.67387
0.836935
0.91945
0.966601
0.984283
0.984283
0.984283
0.984283
0.984283
0.984283
0.984283
0.982318
0.976424
0.968566
0.954813
0.939096
0.903733
0.8389
0.752456
0.634578
0.500982
0.37721
0.243615
0.170923
0.143418
0.237721
0.414538
0.611002
0.764244
0.895874
0.958743
0.976424
0.984283
0.984283
0.984283
0.984283
0.984283
0.984283
0.984283
0.984283
0.980354
0.976424
0.964637
0.941061
0.874263
0.766208
0.620825
0.440079
0.284872
0.200393
0.121807
0.11002
0.155206
0.286837
0.481336
0.6778
0.825147
0.929273
0.964637
0.978389
0.984283
0.984283
0.984283
0.984283
0.984283
0.984283
0.984283
0.982318
0.980354
0.978389
0.964637
0.911591
0.825147
0.6778
0.481336
0.298625
0.192534
0.123772
0.111984
0.125737
0.174853
0.243615
0.453831
0.640472
0.81336
0.911591
0.966601
0.980354
0.984283
0.984283
0.984283
0.984283
0.984283
0.984283
0.984283
0.984283
0.978389
0.97446
0.956778
0.913556
0.805501
0.646365
0.497053
0.333988
0.259332
0.220039
0.214145
0.198428
0.210216
0.231827
0.359528
0.554028
0.721022
0.872299
0.935167
0.976424
0.982318
0.984283
0.984283
0.984283
0.984283
0.984283
0.984283
0.982318
0.978389
0.97053
0.954813
0.917485
0.836935
0.724951
0.614931
0.51277
0.465619
0.444008
0.424361
0.390963
0.292731
0.253438
0.284872
0.410609
0.642436
0.799607
0.91945
0.962672
0.982318
0.984283
0.982318
0.984283
0.984283
0.984283
0.978389
0.97053
0.964637
0.941061
0.941061
0.91945
0.886051
0.833006
0.772102
0.760314
0.740668
0.721022
0.67387
0.595285
0.442043
0.294695
0.261297
0.357564
0.56778
0.742633
0.886051
0.956778
0.982318
0.984283
0.984283
0.984283
0.984283
0.984283
0.976424
0.950884
0.913556
0.891945
0.89391
0.89391
0.884086
0.886051
0.901768
0.895874
0.888016
0.874263
0.80943
0.660118
0.508841
0.361493
0.27112
0.330059
0.54224
0.732809
0.854617
0.943026
0.982318
0.984283
0.984283
0.984283
0.984283
0.984283
0.976424
0.933202
0.856582
0.815324
0.779961
0.779961
0.825147
0.880157
0.899804
0.911591
0.91945
0.888016
0.80943
0.664047
0.48723
0.381139
0.302554
0.343811
0.550098
0.721022
0.840864
0.943026
0.982318
0.984283
0.984283
0.984283
0.984283
0.984283
0.97053
0.909627
0.78389
0.711198
0.640472
0.644401
0.709234
0.789784
0.834971
0.86444
0.854617
0.795678
0.695481
0.540275
0.396857
0.314342
0.29666
0.388998
0.56778
0.738703
0.854617
0.948919
0.982318
0.984283
0.984283
0.984283
0.984283
0.984283
0.968566
0.886051
0.762279
0.634578
0.534381
0.497053
0.508841
0.575639
0.620825
0.644401
0.620825
0.536346
0.422397
0.328094
0.253438
0.239686
0.318271
0.483301
0.620825
0.770138
0.880157
0.952849
0.982318
0.984283
0.984283
0.984283
0.984283
0.984283
0.968566
0.905697
0.781925
0.662083
0.485265
0.40275
0.349705
0.343811
0.333988
0.349705
0.32613
0.280943
0.220039
0.172888
0.194499
0.267191
0.430255
0.577603
0.707269
0.827112
0.923379
0.968566
0.984283
0.984283
0.984283
0.984283
0.984283
0.984283
0.972495
0.929273
0.844794
0.722986
0.559921
0.434185
0.318271
0.247544
0.196464
0.159136
0.131631
0.127701
0.131631
0.174853
0.280943
0.424361
0.587426
0.709234
0.829077
0.903733
0.950884
0.978389
0.984283
0.984283
0.984283
0.984283
0.984283
0.984283
0.980354
0.952849
0.895874
0.834971
0.70334
0.573674
0.434185
0.300589
0.237721
0.192534
0.176817
0.188605
0.269155
0.385069
0.500982
0.646365
0.770138
0.846758
0.921415
0.960707
0.978389
0.982318
0.984283
0.984283
0.984283
0.984283
0.984283
0.984283
0.984283
0.972495
0.950884
0.923379
0.882122
0.80943
0.764244
0.717092
0.669941
0.632613
0.616896
0.640472
0.70334
0.750491
0.829077
0.886051
0.935167
0.960707
0.97053
0.976424
0.980354
0.982318
0.984283
0.984283
0.984283
0.984283
0.984283
0.984283
0.984283
0.982318
0.978389
0.978389
0.966601
0.952849
0.94499
0.937132
0.941061
0.931238
0.933202
0.931238
0.946955
0.966601
0.972495
0.976424
0.97446
0.980354
0.980354
0.982318
0.982318
0.984283
0.984283
0.984283
0.984283
0.984283
0.984283
0.984283
0.984283
0.984283
0.984283
0.984283
0.984283
0.984283
0.984283
0.984283
0.982318
0.982318
0.980354
0.980354
0.980354
0.980354
0.982318
0.982318
0.982318
0.982318
0.982318
0.982318
0.984283
0.984283
0.984283
0.984283
0.984283
0.984283
0.984283
0.984283
0.984283
0.984283
0.984283
0.984283
0.984283
0.984283
0.984283
0.984283
0.984283
0.984283
0.984283
0.984283
0.984283
0.984283
0.984283
0.984283
0.984283
0.984283
0.984283
0.984283
0.984283
0.984283
0.984283
0.984283
0.984283
0.984283
0.985481
0.985481
0.985481
0.985481
0.985481
0.985481
0.985481
0.985481
0.985481
0.985481
0.985481
0.985481
0.985481
0.985481
0.985481
0.985481
0.985481
0.985481
0.985481
0.985481
0.985481
0.985481
0.985481
0.985481
0.985481
0.985481
0.985481
0.985481
0.985481
0.985481
0.985481
0.985481
0.985481
0.985481
0.985481
0.985481
0.985481
0.985481
0.985481
0.985481
0.985481
0.985481
0.985481
0.983666
0.983666
0.983666
0.985481
0.985481
0.985481
0.985481
0.985481
0.985481
0.985481
0.985481
0.985481
0.985481
0.985481
0.985481
0.985481
0.985481
0.985481
0.985481
0.985481
0.985481
0.985481
0.985481
0.985481
0.983666
0.983666
0.983666
0.983666
0.981851
0.981851
0.981851
0.981851
0.981851
0.976407
0.978221
0.980036
0.985481
0.985481
0.985481
0.985481
0.985481
0.985481
0.985481
0.985481
0.985481
0.981851
0.980036
0.980036
0.972777
0.967332
0.965517
0.963702
0.963702
0.956443
0.960073
0.965517
0.958258
0.950998
0.931034
0.923775
0.911071
0.900181
0.931034
0.940109
0.965517
0.974592
0.985481
0.985481
0.985481
0.985481
0.985481
0.985481
0.985481
0.980036
0.972777
0.952813
0.932849
0.916515
0.887477
0.863884
0.860254
0.854809
0.871143
0.900181
0.905626
0.854809
0.822142
0.771325
0.749546
0.744102
0.796733
0.818512
0.872958
0.916515
0.978221
0.985481
0.985481
0.985481
0.985481
0.985481
0.981851
0.972777
0.952813
0.92922
0.896552
0.842105
0.787659
0.751361
0.725953
0.720508
0.774955
0.836661
0.845735
0.796733
0.722323
0.642468
0.597096
0.607985
0.675136
0.740472
0.827586
0.896552
0.963702
0.983666
0.985481
0.985481
0.985481
0.985481
0.980036
0.961887
0.943739
0.900181
0.85118
0.767695
0.673321
0.61343
0.598911
0.615245
0.6951
0.780399
0.802178
0.738657
0.642468
0.544465
0.491833
0.549909
0.61706
0.724138
0.84392
0.907441
0.961887
0.980036
0.985481
0.985481
0.985481
0.985481
0.978221
0.960073
0.92922
0.883848
0.802178
0.711434
0.595281
0.511797
0.504537
0.53902
0.660617
0.771325
0.787659
0.707804
0.578947
0.453721
0.428312
0.493648
0.602541
0.756806
0.845735
0.931034
0.972777
0.981851
0.985481
0.985481
0.985481
0.985481
0.976407
0.954628
0.920145
0.863884
0.76225
0.640653
0.504537
0.439201
0.442831
0.515426
0.675136
0.785844
0.793103
0.676951
0.488203
0.381125
0.361162
0.471869
0.647913
0.785844
0.883848
0.960073
0.972777
0.983666
0.985481
0.985481
0.985481
0.985481
0.976407
0.956443
0.911071
0.831216
0.715064
0.546279
0.408348
0.339383
0.408348
0.560799
0.736842
0.858439
0.798548
0.62069
0.408348
0.299456
0.324864
0.493648
0.69873
0.833031
0.927405
0.972777
0.981851
0.985481
0.985481
0.985481
0.985481
0.983666
0.972777
0.945554
0.900181
0.802178
0.602541
0.439201
0.288566
0.295826
0.45735
0.618875
0.811252
0.874773
0.76951
0.522686
0.31216
0.225045
0.332123
0.529946
0.753176
0.872958
0.947368
0.974592
0.985481
0.985481
0.985481
0.985481
0.983666
0.983666
0.974592
0.941924
0.871143
0.738657
0.515426
0.343013
0.219601
0.303085
0.499093
0.693285
0.825771
0.816697
0.6951
0.399274
0.221416
0.185118
0.344828
0.569873
0.789474
0.892922
0.949183
0.970962
0.983666
0.985481
0.985481
0.985481
0.983666
0.983666
0.976407
0.940109
0.84755
0.646098
0.424682
0.243194
0.157895
0.284936
0.462795
0.655172
0.68784
0.662432
0.499093
0.248639
0.136116
0.15971
0.343013
0.564428
0.76225
0.867514
0.927405
0.961887
0.983666
0.985481
0.985481
0.985481
0.983666
0.983666
0.970962
0.931034
0.789474
0.562613
0.359347
0.203267
0.139746
0.181488
0.30127
0.406534
0.435572
0.430127
0.281307
0.116152
0.0834846
0.15971
0.348457
0.549909
0.733212
0.823956
0.914701
0.954628
0.983666
0.985481
0.985481
0.985481
0.985481
0.983666
0.970962
0.932849
0.771325
0.53902
0.333938
0.215971
0.157895
0.141561
0.157895
0.188748
0.205082
0.179673
0.136116
0.0707804
0.0725953
0.188748
0.368421
0.597096
0.744102
0.84029
0.923775
0.963702
0.983666
0.983666
0.985481
0.985481
0.985481
0.985481
0.974592
0.932849
0.782214
0.577132
0.417423
0.297641
0.232305
0.199637
0.188748
0.208711
0.194192
0.165154
0.116152
0.0653358
0.107078
0.248639
0.459165
0.669691
0.793103
0.887477
0.938294
0.965517
0.983666
0.983666
0.985481
0.985481
0.985481
0.985481
0.983666
0.961887
0.842105
0.716878
0.593466
0.506352
0.46098
0.448276
0.421053
0.422868
0.359347
0.281307
0.194192
0.145191
0.22323
0.404719
0.6098
0.754991
0.852995
0.92922
0.961887
0.970962
0.981851
0.983666
0.985481
0.985481
0.985481
0.985481
0.985481
0.974592
0.916515
0.854809
0.785844
0.751361
0.727768
0.711434
0.689655
0.622505
0.508167
0.388385
0.274047
0.281307
0.373866
0.598911
0.724138
0.836661
0.901996
0.949183
0.974592
0.983666
0.985481
0.983666
0.985481
0.985481
0.985481
0.985481
0.985481
0.983666
0.960073
0.92559
0.91833
0.912886
0.900181
0.883848
0.833031
0.700544
0.577132
0.448276
0.375681
0.38294
0.490018
0.660617
0.767695
0.865699
0.91833
0.956443
0.978221
0.983666
0.985481
0.985481
0.985481
0.985481
0.985481
0.985481
0.985481
0.983666
0.976407
0.965517
0.960073
0.949183
0.938294
0.905626
0.809437
0.705989
0.569873
0.480944
0.46098
0.46098
0.569873
0.6951
0.782214
0.867514
0.91833
0.952813
0.976407
0.983666
0.985481
0.985481
0.985481
0.985481
0.985481
0.985481
0.985481
0.985481
0.985481
0.981851
0.976407
0.963702
0.945554
0.882033
0.787659
0.676951
0.580762
0.53902
0.53539
0.526316
0.631579
0.722323
0.77677
0.862069
0.912886
0.949183
0.970962
0.981851
0.983666
0.985481
0.985481
0.985481
0.985481
0.985481
0.985481
0.985481
0.983666
0.983666
0.970962
0.961887
0.92196
0.842105
0.760436
0.660617
0.600726
0.584392
0.584392
0.593466
0.644283
0.727768
0.77677
0.865699
0.914701
0.947368
0.969147
0.980036
0.983666
0.985481
0.985481
0.985481
0.985481
0.985481
0.985481
0.985481
0.983666
0.978221
0.972777
0.949183
0.894737
0.833031
0.754991
0.684211
0.629764
0.638838
0.627949
0.651543
0.671506
0.740472
0.805808
0.865699
0.91833
0.954628
0.970962
0.980036
0.985481
0.985481
0.985481
0.985481
0.985481
0.985481
0.985481
0.985481
0.985481
0.980036
0.976407
0.956443
0.905626
0.862069
0.813067
0.778584
0.76225
0.742287
0.753176
0.764065
0.780399
0.825771
0.872958
0.916515
0.952813
0.967332
0.974592
0.981851
0.985481
0.985481
0.985481
0.985481
0.985481
0.985481
0.985481
0.985481
0.985481
0.985481
0.981851
0.976407
0.956443
0.952813
0.954628
0.949183
0.92922
0.905626
0.903811
0.91833
0.941924
0.960073
0.965517
0.969147
0.978221
0.981851
0.981851
0.983666
0.985481
0.985481
0.985481
0.985481
0.985481
0.985481
0.985481
0.985481
0.985481
0.985481
0.985481
0.983666
0.983666
0.985481
0.985481
0.985481
0.983666
0.985481
0.983666
0.981851
0.981851
0.981851
0.983666
0.985481
0.985481
0.985481
0.985481
0.985481
0.985481
0.985481
0.985481
0.985481
0.985481
0.985481
0.985481
0.985481
0.985481
0.985481
0.985481
0.985481
0.985481
0.985481
0.985481
0.985481
0.985481
0.985481
0.985481
0.985481
0.985481
0.985481
0.985481
0.985481
0.985481
0.985481
0.985481
0.985481
0.985481
0.985481
0.985481
0.982222
0.982222
0.982222
0.982222
0.982222
0.982222
0.982222
0.982222
0.982222
0.982222
0.982222
0.982222
0.982222
0.982222
0.982222
0.982222
0.982222
0.982222
0.982222
0.982222
0.982222
0.982222
0.982222
0.982222
0.982222
0.982222
0.982222
0.982222
0.982222
0.982222
0.982222
0.982222
0.982222
0.982222
0.982222
0.982222
0.982222
0.982222
0.982222
0.982222
0.982222
0.982222
0.982222
0.982222
0.982222
0.982222
0.982222
0.982222
0.982222
0.982222
0.982222
0.982222
0.982222
0.982222
0.982222
0.982222
0.982222
0.982222
0.982222
0.982222
0.982222
0.982222
0.982222
0.982222
0.982222
0.982222
0.982222
0.977778
0.973333
0.968889
0.964444
0.96
0.962222
0.968889
0.973333
0.968889
0.968889
0.966667
0.966667
0.971111
0.975556
0.982222
0.982222
0.982222
0.982222
0.982222
0.982222
0.982222
0.982222
0.982222
0.982222
0.98
0.968889
0.955556
0.94
0.911111
0.897778
0.862222
0.846667
0.817778
0.806667
0.795556
0.797778
0.808889
0.817778
0.831111
0.862222
0.882222
0.931111
0.973333
0.982222
0.982222
0.982222
0.982222
0.982222
0.982222
0.982222
0.982222
0.973333
0.946667
0.92
0.886667
0.84
0.771111
0.706667
0.651111
0.602222
0.568889
0.548889
0.54
0.553333
0.557778
0.6
0.655556
0.715556
0.777778
0.844444
0.937778
0.975556
0.982222
0.982222
0.982222
0.982222
0.982222
0.982222
0.977778
0.955556
0.926667
0.868889
0.808889
0.72
0.622222
0.571111
0.484444
0.433333
0.404444
0.393333
0.408889
0.411111
0.424444
0.455556
0.524444
0.615556
0.657778
0.733333
0.857778
0.962222
0.98
0.982222
0.982222
0.982222
0.982222
0.982222
0.968889
0.946667
0.902222
0.826667
0.735556
0.631111
0.526667
0.42
0.353333
0.333333
0.308889
0.32
0.342222
0.386667
0.402222
0.428889
0.48
0.555556
0.588889
0.671111
0.793333
0.942222
0.98
0.982222
0.982222
0.982222
0.982222
0.98
0.964444
0.942222
0.873333
0.771111
0.675556
0.566667
0.408889
0.342222
0.302222
0.306667
0.32
0.368889
0.4
0.424444
0.468889
0.5
0.544444
0.588889
0.651111
0.713333
0.813333
0.94
0.977778
0.982222
0.982222
0.982222
0.982222
0.975556
0.964444
0.933333
0.844444
0.733333
0.6
0.464444
0.355556
0.322222
0.32
0.391111
0.484444
0.54
0.562222
0.591111
0.622222
0.68
0.726667
0.755556
0.775556
0.815556
0.882222
0.962222
0.98
0.982222
0.982222
0.982222
0.982222
0.975556
0.966667
0.922222
0.82
0.668889
0.508889
0.337778
0.282222
0.262222
0.326667
0.444444
0.546667
0.644444
0.693333
0.733333
0.795556
0.822222
0.864444
0.9
0.917778
0.922222
0.948889
0.977778
0.982222
0.982222
0.982222
0.982222
0.982222
0.971111
0.964444
0.895556
0.78
0.602222
0.415556
0.266667
0.208889
0.257778
0.368889
0.471111
0.577778
0.646667
0.737778
0.811111
0.871111
0.917778
0.946667
0.962222
0.966667
0.966667
0.973333
0.98
0.982222
0.982222
0.982222
0.982222
0.982222
0.973333
0.96
0.871111
0.74
0.535556
0.331111
0.226667
0.193333
0.246667
0.36
0.46
0.544444
0.611111
0.684444
0.751111
0.837778
0.893333
0.935556
0.966667
0.966667
0.98
0.98
0.982222
0.982222
0.982222
0.982222
0.982222
0.982222
0.973333
0.951111
0.873333
0.726667
0.515556
0.313333
0.217778
0.171111
0.246667
0.3
0.388889
0.44
0.511111
0.564444
0.653333
0.748889
0.828889
0.908889
0.953333
0.975556
0.977778
0.982222
0.982222
0.982222
0.982222
0.982222
0.982222
0.982222
0.975556
0.951111
0.875556
0.731111
0.557778
0.38
0.297778
0.266667
0.288889
0.331111
0.368889
0.415556
0.431111
0.484444
0.551111
0.662222
0.762222
0.857778
0.937778
0.964444
0.975556
0.982222
0.982222
0.982222
0.982222
0.982222
0.982222
0.977778
0.971111
0.944444
0.891111
0.82
0.675556
0.564444
0.486667
0.464444
0.46
0.48
0.48
0.475556
0.468889
0.46
0.52
0.577778
0.706667
0.826667
0.908889
0.955556
0.975556
0.98
0.982222
0.982222
0.982222
0.982222
0.982222
0.977778
0.955556
0.933333
0.897778
0.853333
0.802222
0.728889
0.684444
0.666667
0.666667
0.633333
0.595556
0.548889
0.5
0.448889
0.48
0.557778
0.671111
0.784444
0.891111
0.944444
0.973333
0.98
0.982222
0.982222
0.982222
0.982222
0.982222
0.977778
0.953333
0.895556
0.82
0.817778
0.828889
0.844444
0.824444
0.824444
0.8
0.74
0.671111
0.573333
0.495556
0.46
0.46
0.54
0.642222
0.766667
0.866667
0.928889
0.975556
0.98
0.982222
0.982222
0.982222
0.982222
0.98
0.98
0.942222
0.831111
0.711111
0.686667
0.764444
0.815556
0.853333
0.86
0.835556
0.748889
0.653333
0.562222
0.455556
0.435556
0.435556
0.544444
0.648889
0.768889
0.864444
0.924444
0.975556
0.98
0.982222
0.982222
0.982222
0.982222
0.977778
0.975556
0.935556
0.795556
0.606667
0.531111
0.58
0.642222
0.704444
0.72
0.691111
0.626667
0.544444
0.477778
0.426667
0.402222
0.424444
0.546667
0.682222
0.782222
0.875556
0.933333
0.973333
0.98
0.982222
0.982222
0.982222
0.982222
0.977778
0.975556
0.944444
0.793333
0.56
0.444444
0.422222
0.457778
0.48
0.513333
0.495556
0.448889
0.426667
0.38
0.38
0.397778
0.464444
0.597778
0.717778
0.822222
0.917778
0.94
0.968889
0.982222
0.982222
0.982222
0.982222
0.982222
0.982222
0.98
0.951111
0.824444
0.622222
0.442222
0.368889
0.311111
0.304444
0.304444
0.313333
0.315556
0.322222
0.322222
0.357778
0.406667
0.546667
0.664444
0.768889
0.871111
0.931111
0.953333
0.973333
0.982222
0.982222
0.982222
0.982222
0.982222
0.982222
0.982222
0.968889
0.902222
0.735556
0.586667
0.455556
0.333333
0.262222
0.26
0.273333
0.273333
0.293333
0.351111
0.408889
0.531111
0.637778
0.773333
0.862222
0.92
0.948889
0.964444
0.977778
0.982222
0.982222
0.982222
0.982222
0.982222
0.982222
0.982222
0.975556
0.957778
0.855556
0.753333
0.644444
0.513333
0.422222
0.373333
0.366667
0.388889
0.417778
0.48
0.591111
0.686667
0.802222
0.868889
0.924444
0.948889
0.964444
0.975556
0.98
0.982222
0.982222
0.982222
0.982222
0.982222
0.982222
0.982222
0.977778
0.975556
0.946667
0.911111
0.853333
0.791111
0.737778
0.697778
0.675556
0.68
0.704444
0.764444
0.826667
0.871111
0.917778
0.948889
0.953333
0.966667
0.973333
0.98
0.982222
0.982222
0.982222
0.982222
0.982222
0.982222
0.982222
0.982222
0.982222
0.98
0.975556
0.962222
0.953333
0.931111
0.924444
0.922222
0.924444
0.931111
0.935556
0.955556
0.96
0.966667
0.973333
0.98
0.982222
0.982222
0.982222
0.982222
0.982222
0.982222
0.982222
0.982222
0.982222
0.982222
0.982222
0.982222
0.982222
0.982222
0.98
0.98
0.977778
0.977778
0.975556
0.975556
0.973333
0.975556
0.98
0.98
0.98
0.98
0.98
0.982222
0.982222
0.982222
0.982222
0.982222
0.982222
0.982222
0.982222
0.982222
0.982222
0.982222
0.982222
0.982222
0.982222
0.982222
0.982222
0.982222
0.982222
0.982222
0.982222
0.982222
0.982222
0.982222
0.982222
0.982222
0.982222
0.982222
0.982222
0.982222
0.982222
0.982222
0.982222
0.982222
0.982222
0.982222
0.982222
0.982222
0.984526
0.984526
0.984526
0.984526
0.984526
0.984526
0.984526
0.982592
0.980658
0.980658
0.976789
0.978723
0.976789
0.976789
0.974855
0.970986
0.974855
0.976789
0.978723
0.978723
0.978723
0.980658
0.982592
0.984526
0.984526
0.984526
0.984526
0.984526
0.984526
0.984526
0.984526
0.984526
0.982592
0.984526
0.982592
0.978723
0.976789
0.970986
0.953578
0.943907
0.930368
0.883946
0.839458
0.783366
0.725338
0.723404
0.77176
0.839458
0.903288
0.947776
0.970986
0.982592
0.984526
0.984526
0.984526
0.984526
0.984526
0.984526
0.984526
0.984526
0.984526
0.982592
0.978723
0.978723
0.972921
0.953578
0.932302
0.897485
0.852998
0.77176
0.644101
0.522244
0.450677
0.441006
0.54352
0.669246
0.810445
0.912959
0.953578
0.974855
0.982592
0.984526
0.984526
0.984526
0.984526
0.984526
0.984526
0.984526
0.984526
0.978723
0.978723
0.974855
0.96325
0.934236
0.891683
0.83559
0.775629
0.649903
0.49323
0.396518
0.330754
0.369439
0.512573
0.675048
0.804642
0.903288
0.955513
0.967118
0.980658
0.984526
0.984526
0.984526
0.984526
0.984526
0.984526
0.984526
0.984526
0.978723
0.976789
0.970986
0.955513
0.901354
0.858801
0.775629
0.655706
0.518375
0.390716
0.317215
0.336557
0.450677
0.609284
0.740812
0.851064
0.938104
0.959381
0.969052
0.980658
0.982592
0.982592
0.984526
0.984526
0.984526
0.982592
0.984526
0.984526
0.982592
0.972921
0.961315
0.928433
0.880077
0.802708
0.686654
0.54352
0.398453
0.303675
0.319149
0.423598
0.601547
0.73501
0.852998
0.930368
0.955513
0.970986
0.976789
0.980658
0.982592
0.982592
0.982592
0.984526
0.984526
0.984526
0.984526
0.984526
0.980658
0.972921
0.953578
0.912959
0.827853
0.731141
0.59381
0.433269
0.317215
0.303675
0.413926
0.568665
0.727273
0.84913
0.924565
0.959381
0.970986
0.972921
0.978723
0.980658
0.982592
0.982592
0.982592
0.984526
0.984526
0.984526
0.984526
0.984526
0.976789
0.969052
0.940039
0.874275
0.767892
0.646035
0.466151
0.34236
0.288201
0.365571
0.526112
0.700193
0.827853
0.928433
0.951644
0.967118
0.970986
0.970986
0.974855
0.982592
0.984526
0.982592
0.984526
0.984526
0.984526
0.984526
0.984526
0.984526
0.974855
0.953578
0.911025
0.82205
0.702128
0.54352
0.359768
0.299807
0.311412
0.479691
0.649903
0.808511
0.922631
0.94971
0.955513
0.951644
0.957447
0.967118
0.972921
0.982592
0.984526
0.984526
0.984526
0.984526
0.984526
0.984526
0.984526
0.984526
0.976789
0.932302
0.887814
0.767892
0.605416
0.427466
0.286267
0.284333
0.388781
0.580271
0.765957
0.874275
0.914894
0.905222
0.887814
0.889749
0.916828
0.93617
0.957447
0.974855
0.982592
0.984526
0.984526
0.984526
0.984526
0.984526
0.984526
0.984526
0.96325
0.926499
0.854932
0.717602
0.531915
0.334623
0.266925
0.317215
0.470019
0.676983
0.808511
0.825919
0.762089
0.723404
0.719536
0.760155
0.814313
0.889749
0.922631
0.947776
0.980658
0.984526
0.984526
0.984526
0.984526
0.984526
0.984526
0.982592
0.959381
0.903288
0.812379
0.646035
0.423598
0.26499
0.245648
0.365571
0.547389
0.665377
0.673114
0.580271
0.520309
0.502901
0.528046
0.59381
0.698259
0.798839
0.883946
0.928433
0.967118
0.984526
0.984526
0.984526
0.984526
0.984526
0.984526
0.980658
0.955513
0.878143
0.777563
0.54352
0.346228
0.235977
0.253385
0.411992
0.533849
0.54352
0.444874
0.352031
0.324952
0.350097
0.400387
0.462282
0.5706
0.740812
0.83559
0.905222
0.957447
0.984526
0.984526
0.984526
0.984526
0.984526
0.984526
0.980658
0.945841
0.852998
0.709865
0.471954
0.280464
0.216634
0.290135
0.435203
0.444874
0.344294
0.232108
0.187621
0.232108
0.305609
0.363636
0.410058
0.512573
0.680851
0.818182
0.909091
0.959381
0.984526
0.984526
0.984526
0.984526
0.984526
0.984526
0.982592
0.947776
0.833656
0.65764
0.408124
0.245648
0.216634
0.311412
0.394584
0.348162
0.272727
0.212766
0.251451
0.297872
0.32882
0.350097
0.384913
0.468085
0.661509
0.794971
0.903288
0.96325
0.984526
0.984526
0.984526
0.984526
0.984526
0.984526
0.982592
0.938104
0.831721
0.646035
0.371373
0.2147
0.187621
0.284333
0.348162
0.290135
0.259188
0.295938
0.369439
0.394584
0.369439
0.307544
0.338491
0.481625
0.67118
0.82205
0.907157
0.961315
0.984526
0.984526
0.984526
0.984526
0.984526
0.984526
0.982592
0.945841
0.833656
0.626692
0.371373
0.205029
0.156673
0.239845
0.280464
0.29207
0.332689
0.427466
0.435203
0.400387
0.295938
0.247582
0.340426
0.495164
0.717602
0.862669
0.920696
0.967118
0.982592
0.984526
0.984526
0.984526
0.984526
0.984526
0.982592
0.96325
0.864603
0.655706
0.413926
0.197292
0.125725
0.154739
0.183752
0.272727
0.34236
0.363636
0.319149
0.243714
0.206963
0.249516
0.390716
0.628627
0.7853
0.891683
0.938104
0.974855
0.982592
0.984526
0.984526
0.984526
0.984526
0.984526
0.982592
0.972921
0.903288
0.733075
0.500967
0.272727
0.129594
0.0851064
0.12766
0.176015
0.185687
0.205029
0.156673
0.148936
0.193424
0.334623
0.562863
0.725338
0.880077
0.924565
0.965184
0.982592
0.984526
0.984526
0.984526
0.984526
0.984526
0.984526
0.982592
0.974855
0.93617
0.825919
0.647969
0.423598
0.216634
0.104449
0.0696325
0.073501
0.0812379
0.102515
0.135397
0.199226
0.352031
0.551257
0.723404
0.864603
0.928433
0.961315
0.978723
0.982592
0.984526
0.984526
0.984526
0.984526
0.984526
0.984526
0.984526
0.980658
0.967118
0.909091
0.818182
0.647969
0.439072
0.259188
0.152805
0.137331
0.141199
0.203095
0.286267
0.448743
0.622824
0.779497
0.874275
0.941973
0.965184
0.980658
0.984526
0.984526
0.984526
0.984526
0.984526
0.984526
0.984526
0.984526
0.984526
0.984526
0.980658
0.957447
0.941973
0.887814
0.796905
0.713733
0.644101
0.60735
0.622824
0.661509
0.723404
0.806576
0.876209
0.926499
0.965184
0.976789
0.982592
0.984526
0.984526
0.984526
0.984526
0.984526
0.984526
0.984526
0.984526
0.984526
0.984526
0.984526
0.984526
0.980658
0.976789
0.974855
0.969052
0.96325
0.951644
0.945841
0.945841
0.94971
0.957447
0.969052
0.974855
0.976789
0.980658
0.984526
0.984526
0.984526
0.984526
0.984526
0.984526
0.984526
0.984526
0.984526
0.984526
0.984526
0.984526
0.984526
0.984526
0.984526
0.984526
0.984526
0.984526
0.984526
0.984526
0.984526
0.984526
0.984526
0.984526
0.984526
0.984526
0.984526
0.984526
0.984526
0.984526
0.984526
0.984526
0.984526
0.984526
0.984526
0.984526
0.984526
0.984526
0.984526
0.984526
0.984526
0.984526
0.984526
0.984526
0.984526
0.984526
0.984526
0.984526
0.984526
0.984526
0.984526
0.984526
0.984526
0.984526
0.984526
0.984526
0.984526
0.984526
0.984526
0.984526
0.984526
0.984526
0.984526
0.984526
0.984526
0.984526
0.984526
0.984526
0.984526
0.984526
0.984526
0.984526
0.984526
0.984526
0.984526
0.984526
0.984526
0.984526
0.984526
0.984526
0.984526
0.984526
0.984526
0.984526
0.984526
0.984526
0.984526
0.984526
0.984526
0.984526
0.984526
0.984526
0.984526
0.984526
0.984526
0.984526
0.984526
0.984526
0.984526
0.984526
0.984526
0.984526
0.984526
0.984526
0.984526
0.984526
0.984526
0.984526
0.984526
0.984526
0.984526
0.984526
0.984526
0.984526
0.984526
0.984526
0.984526
0.984526
0.984526
0.985866
0.985866
0.985866
0.985866
0.985866
0.985866
0.985866
0.985866
0.985866
0.985866
0.985866
0.985866
0.985866
0.985866
0.985866
0.985866
0.985866
0.985866
0.985866
0.985866
0.985866
0.985866
0.985866
0.985866
0.985866
0.985866
0.985866
0.985866
0.985866
0.985866
0.985866
0.985866
0.985866
0.985866
0.985866
0.985866
0.985866
0.985866
0.985866
0.985866
0.985866
0.985866
0.985866
0.985866
0.985866
0.985866
0.985866
0.985866
0.985866
0.985866
0.985866
0.985866
0.985866
0.985866
0.985866
0.985866
0.985866
0.985866
0.985866
0.985866
0.985866
0.985866
0.985866
0.985866
0.985866
0.985866
0.985866
0.985866
0.985866
0.985866
0.985866
0.985866
0.985866
0.985866
0.985866
0.985866
0.985866
0.985866
0.985866
0.985866
0.985866
0.985866
0.985866
0.985866
0.985866
0.985866
0.985866
0.985866
0.985866
0.985866
0.985866
0.985866
0.985866
0.985866
0.985866
0.984099
0.984099
0.984099
0.984099
0.984099
0.985866
0.985866
0.985866
0.985866
0.985866
0.985866
0.985866
0.985866
0.985866
0.985866
0.985866
0.985866
0.985866
0.985866
0.985866
0.985866
0.985866
0.984099
0.984099
0.978799
0.977032
0.975265
0.971731
0.971731
0.969965
0.971731
0.969965
0.971731
0.973498
0.980565
0.984099
0.985866
0.985866
0.984099
0.984099
0.985866
0.985866
0.985866
0.985866
0.985866
0.985866
0.985866
0.985866
0.985866
0.978799
0.966431
0.948763
0.929329
0.915194
0.902827
0.869258
0.865724
0.844523
0.826855
0.821555
0.825088
0.832155
0.853357
0.872792
0.915194
0.943463
0.959364
0.964664
0.977032
0.985866
0.985866
0.985866
0.985866
0.984099
0.984099
0.982332
0.969965
0.938163
0.899293
0.823322
0.770318
0.690813
0.588339
0.538869
0.478799
0.438163
0.408127
0.386926
0.388693
0.376325
0.402827
0.45053
0.54417
0.681979
0.800353
0.899293
0.957597
0.980565
0.985866
0.985866
0.985866
0.984099
0.982332
0.969965
0.938163
0.872792
0.784452
0.676678
0.547703
0.427562
0.342756
0.256184
0.210247
0.178445
0.171378
0.160777
0.141343
0.15371
0.178445
0.20318
0.314488
0.496466
0.644876
0.823322
0.924028
0.977032
0.985866
0.985866
0.985866
0.984099
0.977032
0.959364
0.920495
0.835689
0.713781
0.60424
0.443463
0.316254
0.220848
0.167845
0.14311
0.139576
0.14311
0.15371
0.132509
0.0954064
0.0971731
0.136042
0.240283
0.399293
0.59364
0.791519
0.911661
0.975265
0.985866
0.985866
0.985866
0.985866
0.978799
0.959364
0.913428
0.818021
0.715548
0.60424
0.461131
0.353357
0.289753
0.261484
0.293286
0.34629
0.378092
0.40106
0.358657
0.266784
0.157244
0.139576
0.229682
0.399293
0.607774
0.816254
0.927562
0.975265
0.985866
0.985866
0.985866
0.985866
0.980565
0.966431
0.920495
0.849823
0.795053
0.689046
0.560071
0.487633
0.459364
0.507067
0.570671
0.630742
0.671378
0.696113
0.577739
0.385159
0.229682
0.157244
0.250883
0.431095
0.657244
0.840989
0.936396
0.978799
0.985866
0.985866
0.985866
0.985866
0.984099
0.969965
0.936396
0.888693
0.842756
0.749117
0.681979
0.632509
0.630742
0.674912
0.75265
0.814488
0.837456
0.805654
0.660777
0.422261
0.215548
0.173145
0.318021
0.4947
0.720848
0.878092
0.95053
0.982332
0.985866
0.985866
0.985866
0.985866
0.984099
0.980565
0.95583
0.924028
0.893993
0.833922
0.779152
0.757951
0.75265
0.800353
0.858657
0.89576
0.904594
0.825088
0.607774
0.340989
0.187279
0.196113
0.35689
0.59894
0.786219
0.90636
0.966431
0.982332
0.984099
0.985866
0.985866
0.985866
0.985866
0.984099
0.973498
0.941696
0.916961
0.876325
0.835689
0.821555
0.84629
0.883392
0.90636
0.911661
0.888693
0.765018
0.482332
0.24735
0.180212
0.219081
0.45053
0.690813
0.832155
0.916961
0.957597
0.977032
0.980565
0.985866
0.985866
0.985866
0.985866
0.985866
0.980565
0.952297
0.931095
0.911661
0.874558
0.879859
0.885159
0.890459
0.893993
0.881625
0.819788
0.591873
0.342756
0.176678
0.151943
0.291519
0.55477
0.724382
0.862191
0.916961
0.954064
0.975265
0.980565
0.985866
0.985866
0.985866
0.985866
0.985866
0.982332
0.964664
0.941696
0.924028
0.908127
0.890459
0.890459
0.888693
0.871025
0.844523
0.704947
0.432862
0.250883
0.15371
0.196113
0.411661
0.625442
0.789753
0.890459
0.939929
0.961131
0.978799
0.984099
0.985866
0.985866
0.985866
0.985866
0.985866
0.982332
0.969965
0.957597
0.95053
0.927562
0.915194
0.913428
0.89576
0.853357
0.772085
0.54947
0.328622
0.176678
0.166078
0.335689
0.563604
0.734982
0.862191
0.932862
0.954064
0.969965
0.977032
0.982332
0.985866
0.985866
0.985866
0.985866
0.982332
0.982332
0.978799
0.978799
0.969965
0.959364
0.941696
0.936396
0.90636
0.839223
0.673145
0.457597
0.263251
0.190813
0.266784
0.4947
0.667845
0.828622
0.908127
0.952297
0.971731
0.978799
0.982332
0.985866
0.985866
0.985866
0.985866
0.985866
0.982332
0.984099
0.984099
0.984099
0.982332
0.975265
0.969965
0.952297
0.89576
0.773852
0.561837
0.379859
0.243816
0.234982
0.399293
0.620141
0.759717
0.90106
0.934629
0.962898
0.978799
0.984099
0.984099
0.985866
0.985866
0.985866
0.985866
0.985866
0.985866
0.985866
0.985866
0.985866
0.982332
0.975265
0.968198
0.920495
0.825088
0.646643
0.477032
0.325088
0.266784
0.35689
0.515901
0.696113
0.832155
0.924028
0.948763
0.969965
0.980565
0.985866
0.985866
0.985866
0.985866
0.985866
0.985866
0.985866
0.985866
0.985866
0.985866
0.982332
0.978799
0.968198
0.932862
0.85159
0.733216
0.55477
0.434629
0.326855
0.363958
0.473498
0.597173
0.749117
0.874558
0.939929
0.95583
0.973498
0.984099
0.985866
0.985866
0.985866
0.985866
0.985866
0.985866
0.985866
0.985866
0.985866
0.984099
0.980565
0.973498
0.948763
0.883392
0.780919
0.621908
0.524735
0.422261
0.388693
0.44523
0.538869
0.664311
0.795053
0.893993
0.946996
0.957597
0.971731
0.980565
0.985866
0.985866
0.985866
0.985866
0.985866
0.985866
0.985866
0.985866
0.985866
0.982332
0.971731
0.959364
0.899293
0.821555
0.704947
0.59364
0.5053
0.45053
0.482332
0.528269
0.597173
0.699647
0.832155
0.90636
0.95053
0.959364
0.975265
0.982332
0.985866
0.985866
0.985866
0.985866
0.985866
0.985866
0.985866
0.985866
0.985866
0.980565
0.966431
0.936396
0.863958
0.765018
0.65371
0.575972
0.542403
0.508834
0.563604
0.584806
0.657244
0.729682
0.832155
0.90636
0.952297
0.961131
0.973498
0.980565
0.985866
0.985866
0.985866
0.985866
0.985866
0.985866
0.985866
0.985866
0.985866
0.984099
0.962898
0.918728
0.840989
0.754417
0.669611
0.623675
0.59364
0.611307
0.636042
0.639576
0.710247
0.766784
0.842756
0.913428
0.954064
0.964664
0.973498
0.978799
0.984099
0.985866
0.985866
0.985866
0.985866
0.985866
0.985866
0.985866
0.985866
0.984099
0.975265
0.938163
0.888693
0.830389
0.795053
0.757951
0.736749
0.761484
0.780919
0.786219
0.798587
0.858657
0.892226
0.932862
0.957597
0.968198
0.975265
0.980565
0.984099
0.985866
0.985866
0.985866
0.985866
0.985866
0.985866
0.985866
0.985866
0.985866
0.984099
0.980565
0.977032
0.973498
0.971731
0.962898
0.952297
0.941696
0.939929
0.943463
0.952297
0.959364
0.962898
0.973498
0.980565
0.984099
0.982332
0.982332
0.985866
0.985866
0.985866
0.985866
0.985866
0.983264
0.983264
0.983264
0.983264
0.983264
0.983264
0.983264
0.983264
0.983264
0.983264
0.983264
0.983264
0.983264
0.983264
0.983264
0.983264
0.983264
0.983264
0.983264
0.983264
0.983264
0.983264
0.983264
0.983264
0.983264
0.983264
0.983264
0.983264
0.983264
0.983264
0.983264
0.983264
0.983264
0.983264
0.983264
0.983264
0.983264
0.983264
0.983264
0.983264
0.983264
0.983264
0.983264
0.983264
0.983264
0.983264
0.983264
0.983264
0.983264
0.983264
0.983264
0.983264
0.983264
0.983264
0.983264
0.983264
0.983264
0.983264
0.983264
0.983264
0.983264
0.983264
0.983264
0.983264
0.983264
0.983264
0.981172
0.981172
0.979079
0.976987
0.976987
0.974895
0.972803
0.974895
0.974895
0.979079
0.981172
0.983264
0.983264
0.983264
0.983264
0.983264
0.983264
0.983264
0.983264
0.983264
0.983264
0.983264
0.983264
0.981172
0.983264
0.981172
0.979079
0.974895
0.966527
0.941423
0.903766
0.866109
0.817992
0.776151
0.761506
0.76569
0.801255
0.851464
0.895397
0.941423
0.966527
0.974895
0.981172
0.983264
0.983264
0.983264
0.983264
0.983264
0.983264
0.983264
0.983264
0.983264
0.981172
0.976987
0.964435
0.910042
0.830544
0.694561
0.585774
0.447699
0.32636
0.240586
0.211297
0.26569
0.364017
0.504184
0.648536
0.763598
0.868201
0.92887
0.958159
0.976987
0.979079
0.983264
0.983264
0.983264
0.983264
0.983264
0.981172
0.983264
0.972803
0.949791
0.878661
0.761506
0.621339
0.460251
0.324268
0.190377
0.127615
0.123431
0.123431
0.161088
0.223849
0.345188
0.483264
0.623431
0.761506
0.866109
0.926778
0.968619
0.974895
0.979079
0.983264
0.983264
0.983264
0.983264
0.981172
0.974895
0.956067
0.882845
0.774059
0.615063
0.470711
0.32636
0.251046
0.1841
0.1841
0.202929
0.23431
0.24477
0.261506
0.32636
0.42887
0.550209
0.679916
0.805439
0.899582
0.960251
0.972803
0.979079
0.983264
0.983264
0.983264
0.983264
0.979079
0.960251
0.916318
0.83682
0.700837
0.518828
0.368201
0.288703
0.259414
0.3159
0.393305
0.458159
0.468619
0.435146
0.370293
0.370293
0.416318
0.497908
0.600418
0.76569
0.874477
0.951883
0.972803
0.981172
0.983264
0.983264
0.983264
0.983264
0.970711
0.947699
0.889121
0.8159
0.669456
0.493724
0.351464
0.322176
0.359833
0.470711
0.575314
0.661088
0.60251
0.493724
0.376569
0.334728
0.359833
0.474895
0.612971
0.751046
0.870293
0.949791
0.981172
0.983264
0.983264
0.983264
0.983264
0.983264
0.970711
0.937238
0.895397
0.790795
0.694561
0.506276
0.368201
0.328452
0.380753
0.525105
0.627615
0.661088
0.556485
0.433054
0.303347
0.294979
0.341004
0.51046
0.690377
0.807531
0.90795
0.970711
0.981172
0.983264
0.983264
0.983264
0.983264
0.983264
0.970711
0.937238
0.893305
0.801255
0.705021
0.564854
0.401674
0.32636
0.338912
0.42887
0.564854
0.529289
0.403766
0.267782
0.24477
0.311715
0.453975
0.631799
0.788703
0.893305
0.953975
0.972803
0.981172
0.981172
0.983264
0.983264
0.983264
0.983264
0.972803
0.947699
0.901674
0.843096
0.74477
0.600418
0.460251
0.3159
0.269874
0.320084
0.380753
0.301255
0.213389
0.188285
0.303347
0.449791
0.617155
0.784519
0.884937
0.947699
0.960251
0.976987
0.981172
0.981172
0.983264
0.983264
0.983264
0.983264
0.974895
0.958159
0.926778
0.868201
0.788703
0.67364
0.533473
0.317992
0.175732
0.156904
0.17364
0.146444
0.110879
0.217573
0.443515
0.640167
0.792887
0.882845
0.926778
0.956067
0.968619
0.976987
0.983264
0.983264
0.983264
0.983264
0.983264
0.983264
0.983264
0.966527
0.945607
0.901674
0.832636
0.738494
0.564854
0.322176
0.129707
0.0899582
0.0753138
0.0648536
0.119247
0.328452
0.575314
0.776151
0.874477
0.924686
0.951883
0.964435
0.972803
0.981172
0.983264
0.983264
0.983264
0.983264
0.983264
0.983264
0.983264
0.974895
0.956067
0.92887
0.872385
0.738494
0.527197
0.263598
0.115063
0.0648536
0.0794979
0.0962343
0.223849
0.449791
0.650628
0.813808
0.880753
0.933054
0.960251
0.962343
0.972803
0.983264
0.983264
0.983264
0.983264
0.983264
0.983264
0.983264
0.981172
0.970711
0.953975
0.920502
0.83682
0.631799
0.399582
0.198745
0.131799
0.123431
0.17364
0.205021
0.294979
0.472803
0.638075
0.782427
0.870293
0.914226
0.953975
0.964435
0.972803
0.983264
0.983264
0.983264
0.983264
0.983264
0.983264
0.983264
0.979079
0.968619
0.939331
0.84728
0.713389
0.485356
0.261506
0.179916
0.225941
0.297071
0.320084
0.343096
0.364017
0.468619
0.623431
0.74477
0.84728
0.899582
0.930962
0.956067
0.972803
0.983264
0.983264
0.983264
0.983264
0.983264
0.983264
0.983264
0.979079
0.953975
0.893305
0.753138
0.58159
0.357741
0.251046
0.248954
0.353556
0.449791
0.476987
0.412134
0.41841
0.474895
0.60251
0.728033
0.803347
0.878661
0.920502
0.951883
0.972803
0.983264
0.983264
0.983264
0.983264
0.983264
0.983264
0.983264
0.979079
0.92887
0.84728
0.67364
0.502092
0.324268
0.267782
0.374477
0.508368
0.543933
0.527197
0.462343
0.443515
0.487448
0.564854
0.688285
0.801255
0.870293
0.924686
0.953975
0.974895
0.983264
0.983264
0.983264
0.983264
0.983264
0.983264
0.983264
0.976987
0.914226
0.784519
0.623431
0.443515
0.286611
0.338912
0.41841
0.514644
0.514644
0.466527
0.456067
0.430962
0.447699
0.541841
0.671548
0.797071
0.870293
0.933054
0.958159
0.976987
0.983264
0.983264
0.983264
0.983264
0.983264
0.983264
0.983264
0.974895
0.901674
0.784519
0.615063
0.435146
0.328452
0.297071
0.3159
0.338912
0.328452
0.322176
0.359833
0.391213
0.460251
0.577406
0.690377
0.8159
0.893305
0.937238
0.962343
0.979079
0.983264
0.983264
0.983264
0.983264
0.983264
0.983264
0.983264
0.979079
0.912134
0.807531
0.646444
0.487448
0.343096
0.207113
0.161088
0.133891
0.156904
0.215481
0.301255
0.412134
0.504184
0.615063
0.746862
0.855649
0.926778
0.943515
0.970711
0.979079
0.983264
0.983264
0.983264
0.983264
0.983264
0.983264
0.983264
0.983264
0.937238
0.853556
0.736402
0.594142
0.449791
0.301255
0.1841
0.138075
0.156904
0.259414
0.387029
0.506276
0.604603
0.73431
0.83682
0.922594
0.951883
0.962343
0.979079
0.981172
0.983264
0.983264
0.983264
0.983264
0.983264
0.983264
0.983264
0.983264
0.968619
0.922594
0.868201
0.786611
0.700837
0.600418
0.523013
0.481172
0.493724
0.558577
0.638075
0.717573
0.784519
0.864017
0.91841
0.949791
0.962343
0.979079
0.983264
0.983264
0.983264
0.983264
0.983264
0.983264
0.983264
0.983264
0.983264
0.983264
0.983264
0.983264
0.976987
0.974895
0.970711
0.964435
0.953975
0.943515
0.937238
0.937238
0.947699
0.958159
0.968619
0.970711
0.972803
0.979079
0.983264
0.983264
0.983264
0.983264
0.983264
0.983264
0.983264
0.983264
0.983264
0.983264
0.983264
0.983264
0.983264
0.983264
0.983264
0.983264
0.983264
0.983264
0.983264
0.983264
0.983264
0.983264
0.983264
0.983264
0.983264
0.983264
0.983264
0.983264
0.981172
0.981172
0.981172
0.983264
0.983264
0.983264
0.983264
0.983264
0.983264
0.983264
0.983264
0.983264
0.983264
0.983264
0.983264
0.983264
0.983264
0.983264
0.983264
0.983264
0.983264
0.983264
0.983264
0.983264
0.983264
0.983264
0.983264
0.983264
0.983264
0.983264
0.983264
0.983264
0.983264
0.983264
0.983264
0.984344
0.984344
0.984344
0.984344
0.984344
0.984344
0.984344
0.984344
0.984344
0.984344
0.984344
0.984344
0.984344
0.984344
0.984344
0.984344
0.984344
0.984344
0.984344
0.984344
0.984344
0.984344
0.984344
0.984344
0.984344
0.984344
0.984344
0.984344
0.984344
0.984344
0.984344
0.984344
0.984344
0.984344
0.984344
0.984344
0.984344
0.984344
0.984344
0.984344
0.984344
0.984344
0.984344
0.984344
0.984344
0.984344
0.984344
0.984344
0.984344
0.984344
0.984344
0.984344
0.984344
0.984344
0.984344
0.984344
0.984344
0.984344
0.984344
0.984344
0.984344
0.984344
0.984344
0.984344
0.984344
0.984344
0.984344
0.984344
0.984344
0.984344
0.984344
0.984344
0.984344
0.984344
0.984344
0.984344
0.984344
0.984344
0.984344
0.984344
0.984344
0.984344
0.984344
0.984344
0.984344
0.984344
0.984344
0.984344
0.984344
0.984344
0.984344
0.984344
0.984344
0.984344
0.982387
0.980431
0.978474
0.978474
0.978474
0.978474
0.978474
0.982387
0.984344
0.984344
0.984344
0.984344
0.984344
0.984344
0.984344
0.984344
0.984344
0.984344
0.984344
0.984344
0.984344
0.984344
0.984344
0.984344
0.984344
0.984344
0.984344
0.982387
0.97456
0.958904
0.947162
0.945205
0.935421
0.927593
0.939335
0.945205
0.960861
0.970646
0.972603
0.982387
0.984344
0.984344
0.984344
0.984344
0.984344
0.984344
0.984344
0.984344
0.984344
0.984344
0.984344
0.984344
0.980431
0.976517
0.964775
0.925636
0.868885
0.798434
0.651663
0.51272
0.422701
0.391389
0.414873
0.502935
0.622309
0.733855
0.83953
0.925636
0.978474
0.982387
0.984344
0.984344
0.984344
0.984344
0.984344
0.984344
0.984344
0.984344
0.984344
0.980431
0.972603
0.947162
0.902153
0.806262
0.671233
0.481409
0.268102
0.148728
0.0704501
0.074364
0.0998043
0.180039
0.34638
0.522505
0.694716
0.849315
0.945205
0.968689
0.980431
0.984344
0.984344
0.984344
0.984344
0.984344
0.984344
0.984344
0.980431
0.972603
0.939335
0.882583
0.804305
0.637965
0.412916
0.191781
0.0998043
0.0978474
0.123288
0.174168
0.180039
0.174168
0.252446
0.399217
0.598826
0.780822
0.90411
0.964775
0.980431
0.984344
0.984344
0.984344
0.984344
0.984344
0.984344
0.984344
0.976517
0.947162
0.900196
0.81409
0.661448
0.426614
0.207436
0.138943
0.174168
0.322896
0.41683
0.473581
0.403131
0.307241
0.272016
0.356164
0.555773
0.763209
0.888454
0.95499
0.982387
0.984344
0.984344
0.984344
0.984344
0.984344
0.984344
0.984344
0.970646
0.917808
0.866928
0.729941
0.530333
0.244618
0.193738
0.219178
0.401174
0.616438
0.759295
0.714286
0.555773
0.338552
0.254403
0.293542
0.510763
0.74364
0.874755
0.95499
0.978474
0.984344
0.984344
0.984344
0.984344
0.984344
0.984344
0.984344
0.960861
0.896282
0.821918
0.641879
0.407045
0.221135
0.244618
0.383562
0.651663
0.818004
0.825832
0.690802
0.454012
0.234834
0.183953
0.283757
0.51272
0.747554
0.894325
0.968689
0.980431
0.982387
0.984344
0.984344
0.984344
0.984344
0.984344
0.980431
0.95499
0.888454
0.776908
0.551859
0.362035
0.234834
0.283757
0.547945
0.708415
0.771037
0.679061
0.48728
0.262231
0.129159
0.164384
0.293542
0.567515
0.786693
0.937378
0.97456
0.982387
0.982387
0.984344
0.984344
0.984344
0.984344
0.984344
0.976517
0.949119
0.888454
0.76908
0.522505
0.35225
0.250489
0.324853
0.508806
0.589041
0.528376
0.430528
0.266145
0.146771
0.0782779
0.168297
0.379648
0.657534
0.863014
0.943249
0.980431
0.982387
0.982387
0.982387
0.984344
0.984344
0.984344
0.984344
0.976517
0.953033
0.890411
0.784736
0.571429
0.391389
0.297456
0.297456
0.365949
0.367906
0.340509
0.25636
0.168297
0.0880626
0.0704501
0.221135
0.497065
0.763209
0.892368
0.951076
0.978474
0.984344
0.982387
0.982387
0.984344
0.984344
0.984344
0.984344
0.978474
0.960861
0.900196
0.821918
0.64775
0.469667
0.379648
0.32681
0.317025
0.311155
0.297456
0.234834
0.144814
0.0861057
0.113503
0.324853
0.618395
0.821918
0.927593
0.956947
0.980431
0.984344
0.982387
0.980431
0.984344
0.984344
0.984344
0.984344
0.980431
0.970646
0.935421
0.864971
0.759295
0.614481
0.506849
0.422701
0.405088
0.395303
0.369863
0.30137
0.164384
0.101761
0.207436
0.450098
0.706458
0.866928
0.931507
0.968689
0.982387
0.984344
0.982387
0.982387
0.984344
0.984344
0.984344
0.982387
0.980431
0.980431
0.956947
0.915851
0.857143
0.784736
0.690802
0.622309
0.596869
0.573386
0.479452
0.330724
0.197652
0.168297
0.30137
0.553816
0.757339
0.878669
0.949119
0.970646
0.978474
0.984344
0.984344
0.984344
0.984344
0.984344
0.984344
0.982387
0.982387
0.982387
0.972603
0.958904
0.92955
0.88454
0.83953
0.802348
0.765166
0.684932
0.53816
0.338552
0.250489
0.250489
0.420744
0.632094
0.776908
0.894325
0.95499
0.964775
0.97456
0.982387
0.984344
0.984344
0.984344
0.984344
0.984344
0.984344
0.982387
0.982387
0.97456
0.968689
0.953033
0.939335
0.925636
0.872798
0.810176
0.704501
0.530333
0.385519
0.340509
0.373777
0.540117
0.694716
0.802348
0.890411
0.958904
0.964775
0.976517
0.978474
0.984344
0.984344
0.984344
0.984344
0.984344
0.984344
0.982387
0.982387
0.980431
0.968689
0.966732
0.960861
0.923679
0.888454
0.808219
0.64775
0.493151
0.41683
0.420744
0.495108
0.600783
0.731898
0.819961
0.892368
0.949119
0.964775
0.976517
0.978474
0.984344
0.984344
0.984344
0.984344
0.984344
0.984344
0.984344
0.982387
0.980431
0.972603
0.962818
0.945205
0.90411
0.827789
0.712329
0.590998
0.500978
0.452055
0.473581
0.547945
0.681018
0.749511
0.827789
0.890411
0.935421
0.964775
0.976517
0.978474
0.984344
0.984344
0.984344
0.984344
0.984344
0.984344
0.984344
0.984344
0.982387
0.970646
0.953033
0.917808
0.8591
0.76908
0.659491
0.553816
0.510763
0.506849
0.555773
0.62818
0.702544
0.755382
0.816047
0.878669
0.931507
0.964775
0.976517
0.978474
0.984344
0.984344
0.984344
0.984344
0.984344
0.984344
0.984344
0.982387
0.980431
0.968689
0.931507
0.882583
0.816047
0.708415
0.641879
0.571429
0.559687
0.569472
0.612524
0.67319
0.716243
0.755382
0.827789
0.868885
0.925636
0.958904
0.972603
0.980431
0.984344
0.984344
0.984344
0.984344
0.984344
0.984344
0.984344
0.980431
0.97456
0.958904
0.919765
0.864971
0.78865
0.69863
0.645793
0.610568
0.626223
0.643836
0.669276
0.706458
0.74364
0.76908
0.83953
0.886497
0.923679
0.953033
0.970646
0.982387
0.984344
0.984344
0.984344
0.984344
0.984344
0.984344
0.984344
0.982387
0.972603
0.953033
0.915851
0.863014
0.802348
0.735812
0.69863
0.69863
0.708415
0.72407
0.745597
0.761252
0.786693
0.816047
0.880626
0.906067
0.933464
0.958904
0.976517
0.980431
0.984344
0.984344
0.984344
0.984344
0.984344
0.984344
0.982387
0.980431
0.978474
0.972603
0.960861
0.941292
0.925636
0.913894
0.908023
0.90411
0.908023
0.902153
0.911937
0.917808
0.923679
0.935421
0.958904
0.964775
0.970646
0.978474
0.982387
0.984344
0.984344
0.984344
0.984344
0.984344
0.984344
0.984344
0.984344
0.984344
0.984344
0.984344
0.984344
0.984344
0.984344
0.984344
0.984344
0.982387
0.982387
0.980431
0.982387
0.982387
0.984344
0.982387
0.980431
0.982387
0.984344
0.984344
0.984344
0.984344
0.984344
0.984344
0.984344
