0.0161616
0.0161616
0.0161616
0.0161616
0.0161616
0.0161616
0.0161616
0.0161616
0.0161616
0.0161616
0.0161616
0.0161616
0.0161616
0.0161616
0.0161616
0.0161616
0.0161616
0.0161616
0.0161616
0.0161616
0.0161616
0.0161616
0.0161616
0.0161616
0.0161616
0.0161616
0.0161616
0.0161616
0.0161616
0.0161616
0.0161616
0.0161616
0.0161616
0.0161616
0.0161616
0.0161616
0.0161616
0.0161616
0.0161616
0.0161616
0.0161616
0.0161616
0.0161616
0.0161616
0.0161616
0.0161616
0.0161616
0.0161616
0.0161616
0.0161616
0.0161616
0.0161616
0.0161616
0.0161616
0.0161616
0.0161616
0.0161616
0.0161616
0.0161616
0.0161616
0.0161616
0.0161616
0.0161616
0.0161616
0.0161616
0.0161616
0.0181818
0.0242424
0.030303
0.0383838
0.0444444
0.0464646
0.0444444
0.0464646
0.040404
0.0282828
0.0242424
0.0181818
0.0161616
0.0161616
0.0161616
0.0161616
0.0161616
0.0161616
0.0161616
0.0161616
0.0161616
0.0161616
0.0161616
0.0161616
0.0161616
0.0181818
0.0242424
0.0383838
0.0646465
0.133333
0.218182
0.292929
0.373737
0.424242
0.414141
0.422222
0.361616
0.282828
0.185859
0.123232
0.0767677
0.0383838
0.020202
0.0161616
0.0161616
0.0161616
0.0161616
0.0161616
0.0161616
0.0161616
0.0161616
0.0161616
0.0181818
0.0222222
0.0424242
0.0949495
0.193939
0.278788
0.410101
0.557576
0.672727
0.751515
0.767677
0.745455
0.634343
0.519192
0.361616
0.256566
0.139394
0.0686869
0.0242424
0.0161616
0.0161616
0.0161616
0.0161616
0.0161616
0.0161616
0.0161616
0.020202
0.020202
0.0222222
0.0383838
0.0828283
0.19798
0.321212
0.438384
0.583838
0.715152
0.8
0.866667
0.884848
0.870707
0.79798
0.692929
0.547475
0.373737
0.234343
0.107071
0.0343434
0.0161616
0.0161616
0.0161616
0.0161616
0.0161616
0.0161616
0.0161616
0.0181818
0.020202
0.0282828
0.0727273
0.183838
0.311111
0.438384
0.6
0.749495
0.848485
0.860606
0.880808
0.876768
0.894949
0.866667
0.812121
0.70101
0.511111
0.305051
0.153535
0.0525253
0.0161616
0.0161616
0.0161616
0.0161616
0.0161616
0.0161616
0.0161616
0.0181818
0.0242424
0.0565657
0.123232
0.262626
0.410101
0.612121
0.725253
0.808081
0.830303
0.80202
0.777778
0.749495
0.787879
0.812121
0.844444
0.751515
0.646465
0.432323
0.206061
0.0828283
0.0161616
0.0161616
0.0161616
0.0161616
0.0161616
0.0161616
0.0161616
0.0181818
0.0363636
0.10101
0.234343
0.367677
0.567677
0.733333
0.80404
0.8
0.739394
0.664646
0.60202
0.571717
0.591919
0.688889
0.79596
0.8
0.69697
0.535354
0.309091
0.0929293
0.0161616
0.0161616
0.0161616
0.0161616
0.0161616
0.0161616
0.0161616
0.0181818
0.0707071
0.163636
0.325253
0.509091
0.69899
0.808081
0.812121
0.725253
0.620202
0.507071
0.391919
0.351515
0.414141
0.529293
0.688889
0.79798
0.757576
0.626263
0.391919
0.119192
0.0161616
0.0161616
0.0161616
0.0161616
0.0161616
0.0161616
0.0161616
0.0242424
0.111111
0.264646
0.444444
0.638384
0.785859
0.79798
0.723232
0.60404
0.450505
0.339394
0.232323
0.19596
0.244444
0.414141
0.608081
0.775758
0.791919
0.668687
0.426263
0.159596
0.020202
0.0181818
0.0161616
0.0161616
0.0161616
0.0161616
0.0161616
0.030303
0.187879
0.367677
0.561616
0.757576
0.818182
0.747475
0.610101
0.442424
0.288889
0.153535
0.0949495
0.0949495
0.175758
0.313131
0.543434
0.745455
0.787879
0.694949
0.462626
0.179798
0.0222222
0.0181818
0.0161616
0.0161616
0.0161616
0.0181818
0.0161616
0.0525253
0.244444
0.456566
0.668687
0.810101
0.80202
0.666667
0.49899
0.292929
0.163636
0.0808081
0.0545455
0.0585859
0.143434
0.29899
0.49899
0.731313
0.793939
0.678788
0.474747
0.2
0.020202
0.0181818
0.0161616
0.0161616
0.0161616
0.0161616
0.0161616
0.0747475
0.333333
0.569697
0.763636
0.820202
0.743434
0.559596
0.359596
0.181818
0.0828283
0.0424242
0.0323232
0.0545455
0.167677
0.315152
0.533333
0.727273
0.767677
0.668687
0.460606
0.19596
0.0181818
0.0161616
0.0161616
0.0161616
0.0161616
0.0161616
0.0181818
0.0949495
0.4
0.638384
0.80202
0.806061
0.692929
0.458586
0.250505
0.105051
0.0484848
0.020202
0.030303
0.0747475
0.206061
0.387879
0.587879
0.741414
0.747475
0.620202
0.422222
0.179798
0.0181818
0.0161616
0.0161616
0.0161616
0.0161616
0.0161616
0.0181818
0.129293
0.446465
0.692929
0.834343
0.8
0.620202
0.369697
0.157576
0.0808081
0.0323232
0.0262626
0.0666667
0.145455
0.29899
0.49899
0.652525
0.753535
0.709091
0.561616
0.353535
0.149495
0.0181818
0.0161616
0.0161616
0.0161616
0.0161616
0.0161616
0.0161616
0.167677
0.480808
0.723232
0.834343
0.783838
0.589899
0.341414
0.151515
0.0848485
0.0525253
0.0767677
0.133333
0.264646
0.470707
0.618182
0.733333
0.763636
0.640404
0.460606
0.280808
0.113131
0.0161616
0.0161616
0.0161616
0.0161616
0.0161616
0.0161616
0.0181818
0.177778
0.480808
0.723232
0.842424
0.79596
0.577778
0.359596
0.210101
0.153535
0.143434
0.191919
0.309091
0.478788
0.626263
0.715152
0.775758
0.690909
0.535354
0.367677
0.193939
0.0848485
0.0181818
0.0161616
0.0161616
0.0161616
0.0161616
0.0161616
0.020202
0.165657
0.436364
0.694949
0.836364
0.79798
0.690909
0.525253
0.361616
0.323232
0.337374
0.412121
0.547475
0.654545
0.753535
0.79798
0.733333
0.59798
0.410101
0.256566
0.111111
0.0484848
0.0181818
0.0161616
0.0161616
0.0161616
0.0161616
0.0161616
0.020202
0.135354
0.377778
0.608081
0.8
0.856566
0.818182
0.755556
0.652525
0.626263
0.642424
0.688889
0.751515
0.80202
0.828283
0.767677
0.591919
0.424242
0.30101
0.143434
0.0646465
0.0262626
0.0181818
0.0181818
0.0161616
0.0161616
0.0161616
0.0161616
0.0181818
0.0969697
0.272727
0.507071
0.711111
0.842424
0.890909
0.892929
0.886869
0.848485
0.826263
0.838384
0.866667
0.852525
0.755556
0.593939
0.434343
0.282828
0.143434
0.0767677
0.0323232
0.020202
0.0181818
0.0181818
0.0161616
0.0161616
0.0161616
0.0161616
0.0181818
0.0606061
0.179798
0.345455
0.545455
0.70101
0.822222
0.888889
0.909091
0.907071
0.890909
0.862626
0.810101
0.668687
0.533333
0.371717
0.240404
0.149495
0.0787879
0.0343434
0.020202
0.0161616
0.0181818
0.0181818
0.0161616
0.0161616
0.0161616
0.0161616
0.0161616
0.0222222
0.0747475
0.159596
0.294949
0.460606
0.608081
0.727273
0.763636
0.761616
0.733333
0.654545
0.533333
0.4
0.252525
0.159596
0.0989899
0.0484848
0.030303
0.0222222
0.0181818
0.0161616
0.0161616
0.0161616
0.0161616
0.0161616
0.0161616
0.0161616
0.0161616
0.020202
0.020202
0.0323232
0.0464646
0.0828283
0.133333
0.167677
0.20202
0.212121
0.2
0.181818
0.151515
0.0989899
0.0666667
0.0424242
0.0282828
0.020202
0.020202
0.0181818
0.0161616
0.0161616
0.0161616
0.0161616
0.0161616
0.0161616
0.0161616
0.0161616
0.0161616
0.0161616
0.0161616
0.0161616
0.0161616
0.0161616
0.0181818
0.020202
0.0222222
0.0222222
0.0222222
0.020202
0.020202
0.0161616
0.0161616
0.0161616
0.0161616
0.0161616
0.0161616
0.0161616
0.0161616
0.0161616
0.0161616
0.0161616
0.0161616
0.0161616
0.0161616
0.0161616
0.0161616
0.0161616
0.0161616
0.0161616
0.0161616
0.0161616
0.0161616
0.0161616
0.0161616
0.0161616
0.0161616
0.0161616
0.0161616
0.0161616
0.0161616
0.0161616
0.0161616
0.0161616
0.0161616
0.0161616
0.0161616
0.0161616
0.0161616
0.0161616
0.0161616
0.0161616
0.0161616
0.0161616
0.0161616
0.0161616
0.0161616
0.0161616
0.0161616
0.0161616
0.0161616
0.0161616
0.0161616
0.0161616
0.0161616
0.0161616
0.0161616
0.0161616
0.0161616
0.0161616
0.0161616
0.0161616
0.0161616
0.0161616
0.0161616
0.0161616
0.0161616
0.0161616
0.0161616
0.0138169
0.0138169
0.0138169
0.0138169
0.0138169
0.0138169
0.0138169
0.0138169
0.0138169
0.0138169
0.0138169
0.0138169
0.0138169
0.0138169
0.0138169
0.0138169
0.0138169
0.0138169
0.0138169
0.0138169
0.0138169
0.0138169
0.0138169
0.0138169
0.0138169
0.0138169
0.0138169
0.0138169
0.0138169
0.0138169
0.0138169
0.0138169
0.0138169
0.0138169
0.0138169
0.0138169
0.0138169
0.0138169
0.0138169
0.0138169
0.0138169
0.0138169
0.0138169
0.0138169
0.0138169
0.0138169
0.0138169
0.0138169
0.0138169
0.0138169
0.0138169
0.0138169
0.0138169
0.0138169
0.0138169
0.0138169
0.0138169
0.0138169
0.0138169
0.0138169
0.0138169
0.0138169
0.0138169
0.0138169
0.0138169
0.0138169
0.0138169
0.015544
0.015544
0.0259067
0.0241796
0.0310881
0.0241796
0.0224525
0.0224525
0.0189983
0.0172712
0.0172712
0.0138169
0.0138169
0.0138169
0.0138169
0.0138169
0.0138169
0.0138169
0.0138169
0.0138169
0.0138169
0.015544
0.0138169
0.0138169
0.015544
0.015544
0.0172712
0.029361
0.0518135
0.100173
0.183074
0.236615
0.255613
0.234888
0.253886
0.255613
0.219344
0.148532
0.0759931
0.0379965
0.0172712
0.015544
0.0138169
0.0138169
0.0138169
0.0138169
0.0138169
0.015544
0.015544
0.0138169
0.0138169
0.0172712
0.0189983
0.0189983
0.0207254
0.0414508
0.0811744
0.153713
0.29361
0.386874
0.445596
0.471503
0.468048
0.445596
0.373057
0.224525
0.119171
0.0535406
0.0224525
0.0172712
0.0138169
0.015544
0.0138169
0.0138169
0.0138169
0.0138169
0.0138169
0.0138169
0.0138169
0.0172712
0.0189983
0.0224525
0.0224525
0.0483592
0.0863558
0.169257
0.317789
0.464594
0.52677
0.571675
0.547496
0.488774
0.388601
0.226252
0.11399
0.044905
0.0207254
0.0172712
0.0138169
0.0138169
0.0138169
0.0138169
0.0138169
0.0138169
0.015544
0.015544
0.015544
0.0189983
0.0207254
0.0224525
0.0241796
0.0414508
0.0846287
0.181347
0.345423
0.512953
0.620035
0.651123
0.592401
0.493955
0.354059
0.183074
0.0777202
0.0328152
0.0189983
0.0138169
0.0138169
0.0138169
0.0138169
0.0138169
0.0138169
0.0138169
0.015544
0.015544
0.0138169
0.015544
0.0189983
0.0224525
0.0241796
0.0362694
0.0863558
0.19171
0.366149
0.57513
0.71848
0.734024
0.588946
0.474957
0.283247
0.11399
0.0483592
0.0259067
0.0138169
0.0138169
0.0138169
0.0138169
0.0138169
0.0138169
0.015544
0.0138169
0.015544
0.0138169
0.0138169
0.015544
0.0172712
0.0207254
0.0259067
0.0345423
0.0829016
0.189983
0.405872
0.661485
0.83247
0.758204
0.57513
0.397237
0.214162
0.0690846
0.0224525
0.015544
0.0138169
0.0138169
0.0138169
0.0138169
0.0138169
0.0138169
0.015544
0.0138169
0.0138169
0.0138169
0.0138169
0.015544
0.015544
0.0207254
0.0276339
0.0310881
0.074266
0.196891
0.466321
0.791019
0.913644
0.770294
0.530225
0.316062
0.124352
0.0345423
0.0172712
0.0138169
0.0138169
0.0138169
0.015544
0.0138169
0.0138169
0.0138169
0.0138169
0.0138169
0.0138169
0.0138169
0.0138169
0.015544
0.0207254
0.0224525
0.0241796
0.0310881
0.0552677
0.208981
0.580311
0.899827
0.941278
0.756477
0.466321
0.208981
0.0500864
0.0172712
0.015544
0.0138169
0.0138169
0.0138169
0.015544
0.0138169
0.0138169
0.0138169
0.0138169
0.0138169
0.0138169
0.0138169
0.0138169
0.0189983
0.0189983
0.0207254
0.0241796
0.0259067
0.0483592
0.250432
0.727116
0.967185
0.953368
0.740933
0.37133
0.110535
0.0276339
0.0138169
0.015544
0.0138169
0.0138169
0.0138169
0.0138169
0.0138169
0.0138169
0.0138169
0.0138169
0.0138169
0.0138169
0.0138169
0.015544
0.0172712
0.0172712
0.0189983
0.0224525
0.0224525
0.0604491
0.364421
0.882556
0.977547
0.955095
0.682211
0.241796
0.0535406
0.015544
0.0138169
0.0138169
0.0138169
0.0138169
0.0138169
0.0138169
0.0138169
0.0138169
0.0138169
0.0138169
0.0138169
0.0138169
0.0138169
0.0172712
0.015544
0.0138169
0.015544
0.0189983
0.0310881
0.115717
0.516408
0.943005
0.982729
0.932642
0.506045
0.122625
0.0276339
0.015544
0.015544
0.015544
0.0138169
0.0138169
0.0138169
0.015544
0.015544
0.0138169
0.0138169
0.0138169
0.0138169
0.0138169
0.0138169
0.0138169
0.0138169
0.0172712
0.0172712
0.0189983
0.0414508
0.222798
0.654577
0.948187
0.982729
0.882556
0.367876
0.074266
0.0241796
0.015544
0.015544
0.015544
0.0138169
0.0138169
0.0138169
0.0138169
0.0138169
0.0138169
0.0138169
0.0138169
0.0138169
0.0138169
0.015544
0.015544
0.0172712
0.0172712
0.0172712
0.0259067
0.103627
0.35924
0.713299
0.948187
0.965458
0.766839
0.260794
0.0535406
0.0207254
0.0207254
0.0138169
0.0138169
0.0138169
0.0138169
0.0138169
0.0138169
0.0138169
0.0138169
0.0138169
0.0138169
0.0138169
0.0138169
0.015544
0.0172712
0.0172712
0.0172712
0.0241796
0.0621762
0.227979
0.468048
0.739206
0.939551
0.894646
0.56304
0.219344
0.0500864
0.0259067
0.0241796
0.015544
0.0138169
0.0138169
0.0138169
0.0138169
0.0138169
0.015544
0.0138169
0.0138169
0.0138169
0.0138169
0.0138169
0.0138169
0.0138169
0.0172712
0.0207254
0.0397237
0.131261
0.324698
0.542314
0.761658
0.901554
0.791019
0.443869
0.212435
0.0673575
0.0328152
0.029361
0.0224525
0.0189983
0.015544
0.015544
0.015544
0.0138169
0.015544
0.0172712
0.0138169
0.0138169
0.0138169
0.0138169
0.0138169
0.015544
0.015544
0.029361
0.0880829
0.236615
0.405872
0.590674
0.746114
0.822107
0.645941
0.404145
0.212435
0.0639033
0.0414508
0.0310881
0.0276339
0.0224525
0.0172712
0.0172712
0.0172712
0.015544
0.0138169
0.0172712
0.0138169
0.0138169
0.0138169
0.015544
0.015544
0.0172712
0.029361
0.0656304
0.165803
0.319516
0.469775
0.597582
0.709845
0.708117
0.549223
0.374784
0.226252
0.0777202
0.0431779
0.0328152
0.0259067
0.0259067
0.0189983
0.0172712
0.0189983
0.0189983
0.0138169
0.0138169
0.0138169
0.0138169
0.0138169
0.015544
0.015544
0.0172712
0.0431779
0.0967185
0.227979
0.378238
0.495682
0.595855
0.649396
0.614853
0.474957
0.354059
0.234888
0.1019
0.0483592
0.0276339
0.0259067
0.0207254
0.0172712
0.015544
0.0172712
0.015544
0.015544
0.0138169
0.0138169
0.0138169
0.0138169
0.015544
0.015544
0.0224525
0.044905
0.132988
0.272884
0.402418
0.499136
0.544041
0.56304
0.525043
0.455959
0.343696
0.222798
0.103627
0.0518135
0.0276339
0.0224525
0.0172712
0.015544
0.015544
0.015544
0.015544
0.0138169
0.0138169
0.0138169
0.0138169
0.0138169
0.0138169
0.015544
0.0259067
0.044905
0.119171
0.250432
0.378238
0.445596
0.438687
0.440415
0.433506
0.404145
0.29361
0.19171
0.0984456
0.044905
0.0259067
0.0207254
0.015544
0.0138169
0.0138169
0.0138169
0.0138169
0.0138169
0.0138169
0.0138169
0.0138169
0.0138169
0.0138169
0.0138169
0.0172712
0.0241796
0.0431779
0.0829016
0.124352
0.151986
0.150259
0.143351
0.146805
0.141623
0.105354
0.0639033
0.0397237
0.0224525
0.0172712
0.015544
0.0138169
0.0138169
0.0138169
0.0138169
0.0138169
0.0138169
0.0138169
0.0138169
0.0138169
0.0138169
0.0138169
0.0138169
0.0138169
0.0138169
0.0138169
0.015544
0.0189983
0.0189983
0.0172712
0.015544
0.0189983
0.0189983
0.015544
0.0138169
0.0138169
0.0138169
0.0138169
0.0138169
0.0138169
0.0138169
0.0138169
0.0138169
0.0138169
0.0138169
0.0138169
0.0138169
0.0138169
0.0138169
0.0138169
0.0138169
0.0138169
0.0138169
0.0138169
0.0138169
0.0138169
0.0138169
0.0138169
0.0138169
0.0138169
0.0138169
0.0138169
0.0138169
0.0138169
0.0138169
0.0138169
0.0138169
0.0138169
0.0138169
0.0138169
0.0138169
0.0138169
0.0138169
0.0138169
0.0138169
0.0138169
0.0138169
0.0138169
0.0138169
0.0138169
0.0138169
0.0138169
0.0138169
0.0138169
0.0138169
0.0138169
0.0138169
0.0138169
0.0138169
0.0138169
0.0138169
0.0138169
0.0138169
0.0138169
0.0138169
0.0138169
0.0138169
0.0138169
0.0138169
0.0138169
0.0138169
0.0138169
0.015873
0.015873
0.015873
0.015873
0.015873
0.015873
0.015873
0.015873
0.015873
0.015873
0.015873
0.015873
0.015873
0.015873
0.015873
0.0198413
0.0198413
0.0178571
0.015873
0.015873
0.015873
0.015873
0.015873
0.015873
0.015873
0.015873
0.015873
0.015873
0.015873
0.015873
0.015873
0.015873
0.015873
0.015873
0.015873
0.0178571
0.0178571
0.0198413
0.0218254
0.0238095
0.0357143
0.0376984
0.0376984
0.0376984
0.0337302
0.0357143
0.0257937
0.0218254
0.015873
0.015873
0.015873
0.0178571
0.0178571
0.015873
0.015873
0.015873
0.015873
0.015873
0.015873
0.015873
0.015873
0.0178571
0.0257937
0.0376984
0.0555556
0.0892857
0.121032
0.172619
0.214286
0.248016
0.269841
0.28373
0.234127
0.188492
0.134921
0.0912698
0.0535714
0.0337302
0.0218254
0.0178571
0.0178571
0.015873
0.015873
0.015873
0.015873
0.015873
0.015873
0.015873
0.015873
0.031746
0.0535714
0.077381
0.134921
0.224206
0.293651
0.388889
0.482143
0.553571
0.589286
0.587302
0.555556
0.47619
0.353175
0.238095
0.146825
0.0972222
0.0456349
0.0178571
0.0178571
0.0178571
0.015873
0.015873
0.015873
0.015873
0.015873
0.015873
0.0218254
0.0496032
0.0833333
0.146825
0.244048
0.34127
0.458333
0.56746
0.654762
0.728175
0.755952
0.771825
0.730159
0.672619
0.549603
0.402778
0.279762
0.172619
0.0892857
0.0337302
0.0178571
0.0178571
0.015873
0.015873
0.015873
0.015873
0.015873
0.0178571
0.0257937
0.0595238
0.107143
0.190476
0.313492
0.438492
0.549603
0.638889
0.694444
0.728175
0.757937
0.759921
0.763889
0.742063
0.656746
0.519841
0.357143
0.248016
0.130952
0.0456349
0.0178571
0.015873
0.015873
0.015873
0.015873
0.015873
0.0178571
0.0198413
0.0396825
0.0793651
0.136905
0.21627
0.331349
0.440476
0.541667
0.60119
0.632937
0.625
0.59127
0.626984
0.65873
0.706349
0.64881
0.553571
0.434524
0.275794
0.164683
0.0654762
0.0178571
0.015873
0.015873
0.015873
0.015873
0.015873
0.0178571
0.0198413
0.0416667
0.0853175
0.121032
0.208333
0.285714
0.375
0.428571
0.440476
0.436508
0.434524
0.428571
0.464286
0.537698
0.632937
0.644841
0.59127
0.470238
0.313492
0.178571
0.0674603
0.015873
0.015873
0.015873
0.015873
0.015873
0.015873
0.0178571
0.0198413
0.0416667
0.0813492
0.121032
0.166667
0.204365
0.257937
0.301587
0.309524
0.311508
0.289683
0.301587
0.367063
0.486111
0.597222
0.632937
0.589286
0.474206
0.301587
0.184524
0.0674603
0.0218254
0.015873
0.015873
0.015873
0.015873
0.015873
0.015873
0.015873
0.0277778
0.0555556
0.0892857
0.107143
0.140873
0.170635
0.178571
0.184524
0.170635
0.150794
0.234127
0.327381
0.468254
0.59127
0.623016
0.579365
0.474206
0.289683
0.174603
0.0634921
0.0218254
0.0178571
0.015873
0.015873
0.015873
0.015873
0.015873
0.015873
0.0297619
0.0456349
0.0515873
0.0674603
0.077381
0.0912698
0.105159
0.109127
0.115079
0.136905
0.232143
0.357143
0.5
0.603175
0.642857
0.565476
0.44246
0.275794
0.150794
0.047619
0.0277778
0.0218254
0.015873
0.015873
0.015873
0.015873
0.015873
0.0178571
0.0218254
0.0297619
0.0396825
0.0496032
0.0634921
0.077381
0.0972222
0.0972222
0.123016
0.200397
0.305556
0.428571
0.559524
0.642857
0.634921
0.539683
0.392857
0.236111
0.126984
0.047619
0.031746
0.0257937
0.0178571
0.015873
0.015873
0.015873
0.015873
0.0178571
0.0198413
0.031746
0.0416667
0.0634921
0.093254
0.119048
0.144841
0.202381
0.253968
0.333333
0.434524
0.547619
0.64881
0.68254
0.621032
0.503968
0.331349
0.196429
0.10119
0.0535714
0.0357143
0.0238095
0.0178571
0.015873
0.015873
0.015873
0.015873
0.0178571
0.0297619
0.047619
0.0714286
0.130952
0.214286
0.297619
0.339286
0.416667
0.501984
0.585317
0.630952
0.698413
0.712302
0.686508
0.577381
0.456349
0.279762
0.180556
0.0972222
0.0694444
0.047619
0.0218254
0.0178571
0.015873
0.015873
0.015873
0.015873
0.0198413
0.0357143
0.0972222
0.176587
0.295635
0.394841
0.468254
0.545635
0.630952
0.708333
0.771825
0.779762
0.775794
0.730159
0.668651
0.555556
0.424603
0.301587
0.198413
0.138889
0.0992063
0.0694444
0.0337302
0.0218254
0.015873
0.015873
0.015873
0.015873
0.031746
0.0714286
0.178571
0.303571
0.436508
0.541667
0.623016
0.678571
0.769841
0.823413
0.837302
0.84127
0.797619
0.740079
0.652778
0.551587
0.448413
0.333333
0.261905
0.214286
0.152778
0.109127
0.0575397
0.0238095
0.015873
0.015873
0.015873
0.015873
0.0416667
0.125
0.275794
0.43254
0.545635
0.619048
0.670635
0.728175
0.759921
0.801587
0.831349
0.811508
0.77381
0.742063
0.65873
0.611111
0.501984
0.424603
0.369048
0.299603
0.220238
0.162698
0.0813492
0.0277778
0.0178571
0.015873
0.015873
0.015873
0.0615079
0.166667
0.343254
0.501984
0.611111
0.668651
0.710317
0.732143
0.751984
0.803571
0.809524
0.78373
0.759921
0.708333
0.670635
0.607143
0.56746
0.494048
0.412698
0.363095
0.281746
0.18254
0.0813492
0.0257937
0.0178571
0.015873
0.015873
0.0178571
0.0674603
0.208333
0.373016
0.547619
0.636905
0.690476
0.746032
0.765873
0.81746
0.805556
0.791667
0.777778
0.694444
0.660714
0.615079
0.595238
0.561508
0.507937
0.460317
0.355159
0.257937
0.178571
0.0694444
0.0218254
0.015873
0.015873
0.015873
0.0178571
0.0714286
0.204365
0.371032
0.527778
0.640873
0.738095
0.777778
0.811508
0.821429
0.793651
0.732143
0.644841
0.581349
0.563492
0.55754
0.539683
0.527778
0.5
0.406746
0.321429
0.236111
0.144841
0.0575397
0.0198413
0.015873
0.015873
0.015873
0.0178571
0.0575397
0.166667
0.305556
0.446429
0.573413
0.652778
0.736111
0.746032
0.718254
0.64881
0.573413
0.47619
0.414683
0.396825
0.40873
0.40873
0.424603
0.386905
0.331349
0.234127
0.162698
0.0972222
0.0416667
0.0198413
0.015873
0.015873
0.015873
0.015873
0.031746
0.0853175
0.196429
0.299603
0.424603
0.498016
0.555556
0.561508
0.52381
0.446429
0.363095
0.299603
0.265873
0.248016
0.257937
0.263889
0.25
0.234127
0.196429
0.142857
0.0873016
0.0615079
0.031746
0.0198413
0.015873
0.015873
0.015873
0.015873
0.0218254
0.0416667
0.077381
0.123016
0.166667
0.194444
0.21627
0.220238
0.206349
0.178571
0.140873
0.115079
0.115079
0.117063
0.117063
0.121032
0.10119
0.093254
0.0753968
0.0575397
0.0376984
0.0238095
0.0198413
0.0178571
0.015873
0.015873
0.015873
0.015873
0.0178571
0.0218254
0.0238095
0.0357143
0.0416667
0.0376984
0.0357143
0.0416667
0.0396825
0.0396825
0.0376984
0.0376984
0.0376984
0.0376984
0.0337302
0.031746
0.0357143
0.031746
0.0277778
0.0238095
0.0218254
0.015873
0.015873
0.015873
0.015873
0.015873
0.015873
0.015873
0.015873
0.015873
0.015873
0.015873
0.015873
0.015873
0.015873
0.015873
0.015873
0.015873
0.015873
0.015873
0.015873
0.015873
0.0178571
0.0178571
0.0178571
0.0178571
0.015873
0.015873
0.015873
0.015873
0.015873
0.015873
0.015873
0.015873
0.015873
0.015873
0.015873
0.015873
0.015873
0.015873
0.015873
0.015873
0.015873
0.015873
0.015873
0.015873
0.015873
0.015873
0.015873
0.015873
0.015873
0.015873
0.015873
0.015873
0.015873
0.015873
0.015873
0.015873
0.015873
0.015873
0.015873
0.015873
0.015873
0.015873
0.015873
0.015873
0.015873
0.015873
0.015873
0.015873
0.015873
0.015873
0.015873
0.015873
0.015873
0.015873
0.015873
0.015873
0.015873
0.015873
0.015873
0.015873
0.015873
0.015873
0.015873
0.015873
0.015873
0.015873
0.015873
0.0157171
0.0157171
0.0157171
0.0157171
0.0157171
0.0157171
0.0157171
0.0157171
0.0157171
0.0157171
0.0157171
0.0157171
0.0157171
0.0157171
0.0157171
0.0157171
0.0157171
0.0157171
0.0157171
0.0157171
0.0157171
0.0157171
0.0157171
0.0157171
0.0157171
0.0157171
0.0157171
0.0157171
0.0157171
0.0157171
0.0157171
0.0157171
0.0157171
0.0157171
0.0157171
0.0157171
0.0157171
0.0157171
0.0157171
0.0157171
0.0157171
0.0157171
0.0157171
0.0157171
0.0157171
0.0157171
0.0157171
0.0157171
0.0157171
0.0157171
0.0157171
0.0157171
0.0157171
0.0157171
0.0157171
0.0157171
0.0157171
0.0157171
0.0157171
0.0157171
0.0157171
0.0176817
0.0176817
0.0176817
0.0196464
0.0235756
0.0255403
0.0353635
0.0412574
0.0471513
0.0471513
0.0471513
0.0451866
0.0412574
0.0294695
0.0275049
0.0196464
0.0176817
0.0157171
0.0157171
0.0157171
0.0157171
0.0157171
0.0157171
0.0157171
0.0157171
0.0157171
0.0176817
0.0196464
0.0294695
0.0373281
0.0687623
0.0962672
0.137525
0.220039
0.292731
0.353635
0.394892
0.414538
0.408644
0.363458
0.304519
0.227898
0.163065
0.0844794
0.0471513
0.0235756
0.0196464
0.0157171
0.0157171
0.0157171
0.0157171
0.0157171
0.0157171
0.0157171
0.0235756
0.0392927
0.0687623
0.100196
0.168959
0.261297
0.379175
0.516699
0.62279
0.697446
0.752456
0.777996
0.768173
0.715128
0.607073
0.493124
0.381139
0.24165
0.131631
0.0569745
0.0255403
0.0157171
0.0157171
0.0157171
0.0157171
0.0157171
0.0157171
0.0157171
0.0353635
0.0589391
0.0982318
0.194499
0.286837
0.410609
0.53831
0.697446
0.776031
0.827112
0.870334
0.88998
0.891945
0.880157
0.785855
0.646365
0.520629
0.373281
0.218075
0.117878
0.0392927
0.0157171
0.0157171
0.0157171
0.0157171
0.0157171
0.0176817
0.0157171
0.0373281
0.0726916
0.121807
0.214145
0.308448
0.447937
0.557957
0.630648
0.693517
0.709234
0.717092
0.75442
0.795678
0.781925
0.789784
0.726916
0.616896
0.451866
0.261297
0.13556
0.0609037
0.0157171
0.0157171
0.0157171
0.0157171
0.0157171
0.0157171
0.0157171
0.0412574
0.0785855
0.111984
0.184676
0.249509
0.341847
0.412574
0.449902
0.442043
0.436149
0.438114
0.473477
0.581532
0.67387
0.713163
0.697446
0.62279
0.459725
0.259332
0.131631
0.0589391
0.0157171
0.0157171
0.0157171
0.0157171
0.0157171
0.0157171
0.0176817
0.0314342
0.0510806
0.086444
0.143418
0.172888
0.214145
0.239686
0.253438
0.257367
0.290766
0.328094
0.404715
0.53831
0.67387
0.750491
0.715128
0.581532
0.414538
0.231827
0.10609
0.043222
0.0157171
0.0157171
0.0157171
0.0157171
0.0157171
0.0157171
0.0176817
0.021611
0.0294695
0.0530452
0.0785855
0.0903733
0.121807
0.153242
0.184676
0.218075
0.290766
0.392927
0.522593
0.669941
0.789784
0.777996
0.6778
0.493124
0.32613
0.163065
0.0805501
0.0333988
0.0157171
0.0157171
0.0157171
0.0157171
0.0157171
0.0157171
0.0157171
0.0176817
0.0235756
0.0314342
0.0451866
0.0609037
0.0962672
0.1611
0.247544
0.365422
0.499018
0.62279
0.756385
0.829077
0.856582
0.762279
0.585462
0.388998
0.235756
0.104126
0.0412574
0.0235756
0.0157171
0.0157171
0.0157171
0.0157171
0.0157171
0.0157171
0.0157171
0.0157171
0.0196464
0.0235756
0.0353635
0.0589391
0.125737
0.233792
0.379175
0.559921
0.715128
0.799607
0.878193
0.88998
0.844794
0.713163
0.518664
0.3222
0.174853
0.0707269
0.0353635
0.021611
0.0157171
0.0157171
0.0157171
0.0157171
0.0157171
0.0157171
0.0157171
0.0176817
0.0196464
0.021611
0.0353635
0.0884086
0.174853
0.3222
0.518664
0.701375
0.807466
0.876228
0.888016
0.874263
0.825147
0.756385
0.546169
0.359528
0.18664
0.0884086
0.0333988
0.0196464
0.0157171
0.0157171
0.0157171
0.0157171
0.0157171
0.0157171
0.0157171
0.0157171
0.021611
0.0255403
0.043222
0.086444
0.194499
0.353635
0.502947
0.666012
0.740668
0.779961
0.785855
0.801572
0.789784
0.768173
0.640472
0.445972
0.278978
0.127701
0.064833
0.0235756
0.0176817
0.0157171
0.0157171
0.0157171
0.0157171
0.0157171
0.0157171
0.0176817
0.021611
0.0294695
0.0451866
0.0825147
0.163065
0.275049
0.385069
0.48723
0.534381
0.555992
0.575639
0.609037
0.707269
0.746562
0.715128
0.589391
0.357564
0.200393
0.0805501
0.0373281
0.0176817
0.0157171
0.0176817
0.0157171
0.0157171
0.0157171
0.021611
0.0294695
0.0353635
0.0589391
0.0589391
0.0805501
0.113949
0.166994
0.227898
0.239686
0.259332
0.278978
0.32613
0.404715
0.557957
0.705305
0.738703
0.642436
0.43222
0.257367
0.113949
0.043222
0.0176817
0.0157171
0.0157171
0.0157171
0.0157171
0.0157171
0.0235756
0.0491159
0.086444
0.108055
0.10609
0.10609
0.115914
0.113949
0.0982318
0.104126
0.111984
0.125737
0.19057
0.339882
0.491159
0.638507
0.72888
0.669941
0.45776
0.267191
0.145383
0.0569745
0.0176817
0.0157171
0.0157171
0.0157171
0.0157171
0.0157171
0.0235756
0.0667976
0.143418
0.184676
0.220039
0.220039
0.174853
0.119843
0.100196
0.0884086
0.0805501
0.111984
0.19057
0.335953
0.51277
0.618861
0.697446
0.656189
0.449902
0.278978
0.159136
0.0569745
0.0176817
0.0157171
0.0157171
0.0157171
0.0157171
0.0157171
0.0294695
0.0903733
0.21611
0.288802
0.359528
0.355599
0.290766
0.210216
0.165029
0.13556
0.145383
0.204322
0.304519
0.459725
0.603143
0.685658
0.70334
0.611002
0.43222
0.261297
0.145383
0.0510806
0.0176817
0.0157171
0.0157171
0.0157171
0.0157171
0.0157171
0.0314342
0.113949
0.237721
0.365422
0.465619
0.502947
0.491159
0.424361
0.379175
0.355599
0.379175
0.463654
0.577603
0.671906
0.746562
0.760314
0.681729
0.516699
0.379175
0.229862
0.119843
0.0471513
0.0176817
0.0157171
0.0157171
0.0157171
0.0157171
0.0157171
0.0314342
0.0943026
0.218075
0.337917
0.514735
0.59725
0.650295
0.656189
0.666012
0.650295
0.67387
0.719057
0.779961
0.827112
0.805501
0.732809
0.569745
0.422397
0.292731
0.172888
0.0766208
0.0314342
0.0157171
0.0157171
0.0157171
0.0157171
0.0157171
0.0157171
0.0275049
0.0707269
0.155206
0.277014
0.440079
0.565815
0.681729
0.752456
0.803536
0.840864
0.868369
0.872299
0.868369
0.825147
0.719057
0.575639
0.412574
0.290766
0.170923
0.0962672
0.0491159
0.021611
0.0157171
0.0157171
0.0157171
0.0157171
0.0157171
0.0157171
0.0196464
0.0471513
0.104126
0.165029
0.29666
0.426326
0.565815
0.699411
0.762279
0.807466
0.823183
0.811395
0.730845
0.614931
0.499018
0.353635
0.229862
0.153242
0.0785855
0.0392927
0.021611
0.0176817
0.0157171
0.0157171
0.0157171
0.0157171
0.0157171
0.0157171
0.0157171
0.0275049
0.0491159
0.0766208
0.117878
0.19057
0.235756
0.282908
0.330059
0.367387
0.383104
0.359528
0.29666
0.249509
0.170923
0.113949
0.064833
0.0392927
0.0294695
0.0235756
0.0196464
0.0176817
0.0157171
0.0157171
0.0157171
0.0157171
0.0157171
0.0157171
0.0157171
0.0176817
0.021611
0.021611
0.0333988
0.0471513
0.0550098
0.0628684
0.0589391
0.0687623
0.0667976
0.0687623
0.0530452
0.0333988
0.0275049
0.0235756
0.0255403
0.0196464
0.0196464
0.0176817
0.0176817
0.0157171
0.0157171
0.0157171
0.0157171
0.0157171
0.0157171
0.0157171
0.0157171
0.0157171
0.0157171
0.0157171
0.0157171
0.0157171
0.0157171
0.0157171
0.0176817
0.0176817
0.0196464
0.0196464
0.0196464
0.0196464
0.0176817
0.0176817
0.0176817
0.0176817
0.0176817
0.0176817
0.0157171
0.0157171
0.0157171
0.0157171
0.0157171
0.0157171
0.0157171
0.0157171
0.0157171
0.0157171
0.0157171
0.0157171
0.0157171
0.0157171
0.0157171
0.0157171
0.0157171
0.0157171
0.0157171
0.0157171
0.0157171
0.0157171
0.0157171
0.0157171
0.0157171
0.0157171
0.0157171
0.0157171
0.0157171
0.0157171
0.0157171
0.0157171
0.0157171
0.0157171
0.0145191
0.0145191
0.0145191
0.0145191
0.0145191
0.0145191
0.0145191
0.0145191
0.0145191
0.0145191
0.0145191
0.0145191
0.0145191
0.0145191
0.0145191
0.0145191
0.0145191
0.0145191
0.0145191
0.0145191
0.0145191
0.0145191
0.0145191
0.0145191
0.0145191
0.0145191
0.0145191
0.0145191
0.0145191
0.0145191
0.0145191
0.0145191
0.0145191
0.0145191
0.0145191
0.0145191
0.0145191
0.0145191
0.0145191
0.0145191
0.0145191
0.0145191
0.0145191
0.0163339
0.0163339
0.0163339
0.0145191
0.0145191
0.0145191
0.0145191
0.0145191
0.0145191
0.0145191
0.0145191
0.0145191
0.0145191
0.0145191
0.0145191
0.0145191
0.0145191
0.0145191
0.0145191
0.0145191
0.0145191
0.0145191
0.0145191
0.0145191
0.0163339
0.0163339
0.0163339
0.0163339
0.0181488
0.0181488
0.0181488
0.0181488
0.0181488
0.0235935
0.0217786
0.0199637
0.0145191
0.0145191
0.0145191
0.0145191
0.0145191
0.0145191
0.0145191
0.0145191
0.0145191
0.0181488
0.0199637
0.0199637
0.0272232
0.0326679
0.0344828
0.0362976
0.0362976
0.0435572
0.0399274
0.0344828
0.0417423
0.0490018
0.0689655
0.076225
0.0889292
0.0998185
0.0689655
0.0598911
0.0344828
0.0254083
0.0145191
0.0145191
0.0145191
0.0145191
0.0145191
0.0145191
0.0145191
0.0199637
0.0272232
0.0471869
0.0671506
0.0834846
0.112523
0.136116
0.139746
0.145191
0.128857
0.0998185
0.0943739
0.145191
0.177858
0.228675
0.250454
0.255898
0.203267
0.181488
0.127042
0.0834846
0.0217786
0.0145191
0.0145191
0.0145191
0.0145191
0.0145191
0.0181488
0.0272232
0.0471869
0.0707804
0.103448
0.157895
0.212341
0.248639
0.274047
0.279492
0.225045
0.163339
0.154265
0.203267
0.277677
0.357532
0.402904
0.392015
0.324864
0.259528
0.172414
0.103448
0.0362976
0.0163339
0.0145191
0.0145191
0.0145191
0.0145191
0.0199637
0.0381125
0.0562613
0.0998185
0.14882
0.232305
0.326679
0.38657
0.401089
0.384755
0.3049
0.219601
0.197822
0.261343
0.357532
0.455535
0.508167
0.450091
0.38294
0.275862
0.15608
0.092559
0.0381125
0.0199637
0.0145191
0.0145191
0.0145191
0.0145191
0.0217786
0.0399274
0.0707804
0.116152
0.197822
0.288566
0.404719
0.488203
0.495463
0.46098
0.339383
0.228675
0.212341
0.292196
0.421053
0.546279
0.571688
0.506352
0.397459
0.243194
0.154265
0.0689655
0.0272232
0.0181488
0.0145191
0.0145191
0.0145191
0.0145191
0.0235935
0.0453721
0.0798548
0.136116
0.23775
0.359347
0.495463
0.560799
0.557169
0.484574
0.324864
0.214156
0.206897
0.323049
0.511797
0.618875
0.638838
0.528131
0.352087
0.214156
0.116152
0.0399274
0.0272232
0.0163339
0.0145191
0.0145191
0.0145191
0.0145191
0.0235935
0.0435572
0.0889292
0.168784
0.284936
0.453721
0.591652
0.660617
0.591652
0.439201
0.263158
0.141561
0.201452
0.37931
0.591652
0.700544
0.675136
0.506352
0.30127
0.166969
0.0725953
0.0272232
0.0181488
0.0145191
0.0145191
0.0145191
0.0145191
0.0163339
0.0272232
0.0544465
0.0998185
0.197822
0.397459
0.560799
0.711434
0.704174
0.54265
0.381125
0.188748
0.125227
0.23049
0.477314
0.68784
0.774955
0.667877
0.470054
0.246824
0.127042
0.0526316
0.0254083
0.0145191
0.0145191
0.0145191
0.0145191
0.0163339
0.0163339
0.0254083
0.0580762
0.128857
0.261343
0.484574
0.656987
0.780399
0.696915
0.500907
0.306715
0.174229
0.183303
0.3049
0.600726
0.778584
0.814882
0.655172
0.430127
0.210526
0.107078
0.0508167
0.0290381
0.0163339
0.0145191
0.0145191
0.0145191
0.0163339
0.0163339
0.0235935
0.0598911
0.15245
0.353902
0.575318
0.756806
0.842105
0.715064
0.537205
0.344828
0.31216
0.337568
0.500907
0.751361
0.863884
0.84029
0.656987
0.435572
0.23775
0.132486
0.0725953
0.0381125
0.0163339
0.0145191
0.0145191
0.0145191
0.0163339
0.0163339
0.0290381
0.0689655
0.210526
0.437387
0.640653
0.796733
0.860254
0.818512
0.69873
0.593466
0.564428
0.569873
0.718693
0.883848
0.916515
0.84029
0.651543
0.450091
0.266788
0.176044
0.0852995
0.0453721
0.0163339
0.0145191
0.0145191
0.0145191
0.0145191
0.0163339
0.0290381
0.0671506
0.228675
0.46098
0.666062
0.784029
0.842105
0.858439
0.842105
0.811252
0.794918
0.820327
0.863884
0.92922
0.927405
0.811252
0.631579
0.402904
0.255898
0.15971
0.076225
0.0362976
0.0163339
0.0163339
0.0145191
0.0145191
0.0145191
0.0145191
0.0254083
0.0671506
0.217786
0.422868
0.582577
0.702359
0.767695
0.800363
0.811252
0.791289
0.805808
0.834846
0.883848
0.934664
0.892922
0.751361
0.540835
0.330309
0.206897
0.112523
0.061706
0.0344828
0.0163339
0.0163339
0.0145191
0.0145191
0.0145191
0.0145191
0.0163339
0.0381125
0.157895
0.283122
0.406534
0.493648
0.53902
0.551724
0.578947
0.577132
0.640653
0.718693
0.805808
0.854809
0.77677
0.595281
0.3902
0.245009
0.147005
0.0707804
0.0381125
0.0290381
0.0181488
0.0163339
0.0145191
0.0145191
0.0145191
0.0145191
0.0145191
0.0254083
0.0834846
0.145191
0.214156
0.248639
0.272232
0.288566
0.310345
0.377495
0.491833
0.611615
0.725953
0.718693
0.626134
0.401089
0.275862
0.163339
0.0980036
0.0508167
0.0254083
0.0163339
0.0145191
0.0163339
0.0145191
0.0145191
0.0145191
0.0145191
0.0145191
0.0163339
0.0399274
0.0744102
0.0816697
0.0871143
0.0998185
0.116152
0.166969
0.299456
0.422868
0.551724
0.624319
0.61706
0.509982
0.339383
0.232305
0.134301
0.0816697
0.0435572
0.0217786
0.0163339
0.0145191
0.0145191
0.0145191
0.0145191
0.0145191
0.0145191
0.0145191
0.0163339
0.0235935
0.0344828
0.0399274
0.0508167
0.061706
0.0943739
0.190563
0.294011
0.430127
0.519056
0.53902
0.53902
0.430127
0.3049
0.217786
0.132486
0.0816697
0.0471869
0.0235935
0.0163339
0.0145191
0.0145191
0.0145191
0.0145191
0.0145191
0.0145191
0.0145191
0.0145191
0.0145191
0.0181488
0.0235935
0.0362976
0.0544465
0.117967
0.212341
0.323049
0.419238
0.46098
0.46461
0.473684
0.368421
0.277677
0.22323
0.137931
0.0871143
0.0508167
0.0290381
0.0181488
0.0163339
0.0145191
0.0145191
0.0145191
0.0145191
0.0145191
0.0145191
0.0145191
0.0163339
0.0163339
0.0290381
0.0381125
0.0780399
0.157895
0.239564
0.339383
0.399274
0.415608
0.415608
0.406534
0.355717
0.272232
0.22323
0.134301
0.0852995
0.0526316
0.030853
0.0199637
0.0163339
0.0145191
0.0145191
0.0145191
0.0145191
0.0145191
0.0145191
0.0145191
0.0163339
0.0217786
0.0272232
0.0508167
0.105263
0.166969
0.245009
0.315789
0.370236
0.361162
0.372051
0.348457
0.328494
0.259528
0.194192
0.134301
0.0816697
0.0453721
0.0290381
0.0199637
0.0145191
0.0145191
0.0145191
0.0145191
0.0145191
0.0145191
0.0145191
0.0145191
0.0145191
0.0199637
0.0235935
0.0435572
0.0943739
0.137931
0.186933
0.221416
0.23775
0.257713
0.246824
0.235935
0.219601
0.174229
0.127042
0.0834846
0.0471869
0.0326679
0.0254083
0.0181488
0.0145191
0.0145191
0.0145191
0.0145191
0.0145191
0.0145191
0.0145191
0.0145191
0.0145191
0.0145191
0.0181488
0.0235935
0.0435572
0.0471869
0.0453721
0.0508167
0.0707804
0.0943739
0.0961887
0.0816697
0.0580762
0.0399274
0.0344828
0.030853
0.0217786
0.0181488
0.0181488
0.0163339
0.0145191
0.0145191
0.0145191
0.0145191
0.0145191
0.0145191
0.0145191
0.0145191
0.0145191
0.0145191
0.0145191
0.0163339
0.0163339
0.0145191
0.0145191
0.0145191
0.0163339
0.0145191
0.0163339
0.0181488
0.0181488
0.0181488
0.0163339
0.0145191
0.0145191
0.0145191
0.0145191
0.0145191
0.0145191
0.0145191
0.0145191
0.0145191
0.0145191
0.0145191
0.0145191
0.0145191
0.0145191
0.0145191
0.0145191
0.0145191
0.0145191
0.0145191
0.0145191
0.0145191
0.0145191
0.0145191
0.0145191
0.0145191
0.0145191
0.0145191
0.0145191
0.0145191
0.0145191
0.0145191
0.0145191
0.0145191
0.0145191
0.0145191
0.0145191
0.0177778
0.0177778
0.0177778
0.0177778
0.0177778
0.0177778
0.0177778
0.0177778
0.0177778
0.0177778
0.0177778
0.0177778
0.0177778
0.0177778
0.0177778
0.0177778
0.0177778
0.0177778
0.0177778
0.0177778
0.0177778
0.0177778
0.0177778
0.0177778
0.0177778
0.0177778
0.0177778
0.0177778
0.0177778
0.0177778
0.0177778
0.0177778
0.0177778
0.0177778
0.0177778
0.0177778
0.0177778
0.0177778
0.0177778
0.0177778
0.0177778
0.0177778
0.0177778
0.0177778
0.0177778
0.0177778
0.0177778
0.0177778
0.0177778
0.0177778
0.0177778
0.0177778
0.0177778
0.0177778
0.0177778
0.0177778
0.0177778
0.0177778
0.0177778
0.0177778
0.0177778
0.0177778
0.0177778
0.0177778
0.0177778
0.0177778
0.0177778
0.0222222
0.0266667
0.0311111
0.0355556
0.04
0.0377778
0.0311111
0.0266667
0.0311111
0.0311111
0.0333333
0.0333333
0.0288889
0.0244444
0.0177778
0.0177778
0.0177778
0.0177778
0.0177778
0.0177778
0.0177778
0.0177778
0.0177778
0.0177778
0.02
0.0311111
0.0444444
0.06
0.0888889
0.102222
0.137778
0.153333
0.182222
0.193333
0.204444
0.202222
0.191111
0.182222
0.168889
0.137778
0.117778
0.0688889
0.0266667
0.0177778
0.0177778
0.0177778
0.0177778
0.0177778
0.0177778
0.0177778
0.0177778
0.0266667
0.0533333
0.08
0.113333
0.16
0.228889
0.293333
0.348889
0.397778
0.431111
0.451111
0.46
0.446667
0.442222
0.4
0.344444
0.284444
0.222222
0.155556
0.0622222
0.0244444
0.0177778
0.0177778
0.0177778
0.0177778
0.0177778
0.0177778
0.0222222
0.0444444
0.0733333
0.131111
0.191111
0.28
0.377778
0.428889
0.515556
0.566667
0.595556
0.606667
0.591111
0.588889
0.575556
0.544444
0.475556
0.384444
0.342222
0.266667
0.142222
0.0377778
0.02
0.0177778
0.0177778
0.0177778
0.0177778
0.0177778
0.0311111
0.0533333
0.0977778
0.173333
0.264444
0.368889
0.473333
0.58
0.646667
0.666667
0.691111
0.68
0.657778
0.613333
0.597778
0.571111
0.52
0.444444
0.411111
0.328889
0.206667
0.0577778
0.02
0.0177778
0.0177778
0.0177778
0.0177778
0.02
0.0355556
0.0577778
0.126667
0.228889
0.324444
0.433333
0.591111
0.657778
0.697778
0.693333
0.68
0.631111
0.6
0.575556
0.531111
0.5
0.455556
0.411111
0.348889
0.286667
0.186667
0.06
0.0222222
0.0177778
0.0177778
0.0177778
0.0177778
0.0244444
0.0355556
0.0666667
0.155556
0.266667
0.4
0.535556
0.644444
0.677778
0.68
0.608889
0.515556
0.46
0.437778
0.408889
0.377778
0.32
0.273333
0.244444
0.224444
0.184444
0.117778
0.0377778
0.02
0.0177778
0.0177778
0.0177778
0.0177778
0.0244444
0.0333333
0.0777778
0.18
0.331111
0.491111
0.662222
0.717778
0.737778
0.673333
0.555556
0.453333
0.355556
0.306667
0.266667
0.204444
0.177778
0.135556
0.1
0.0822222
0.0777778
0.0511111
0.0222222
0.0177778
0.0177778
0.0177778
0.0177778
0.0177778
0.0288889
0.0355556
0.104444
0.22
0.397778
0.584444
0.733333
0.791111
0.742222
0.631111
0.528889
0.422222
0.353333
0.262222
0.188889
0.128889
0.0822222
0.0533333
0.0377778
0.0333333
0.0333333
0.0266667
0.02
0.0177778
0.0177778
0.0177778
0.0177778
0.0177778
0.0266667
0.04
0.128889
0.26
0.464444
0.668889
0.773333
0.806667
0.753333
0.64
0.54
0.455556
0.388889
0.315556
0.248889
0.162222
0.106667
0.0644444
0.0333333
0.0333333
0.02
0.02
0.0177778
0.0177778
0.0177778
0.0177778
0.0177778
0.0177778
0.0266667
0.0488889
0.126667
0.273333
0.484444
0.686667
0.782222
0.828889
0.753333
0.7
0.611111
0.56
0.488889
0.435556
0.346667
0.251111
0.171111
0.0911111
0.0466667
0.0244444
0.0222222
0.0177778
0.0177778
0.0177778
0.0177778
0.0177778
0.0177778
0.0177778
0.0244444
0.0488889
0.124444
0.268889
0.442222
0.62
0.702222
0.733333
0.711111
0.668889
0.631111
0.584444
0.568889
0.515556
0.448889
0.337778
0.237778
0.142222
0.0622222
0.0355556
0.0244444
0.0177778
0.0177778
0.0177778
0.0177778
0.0177778
0.0177778
0.0222222
0.0288889
0.0555556
0.108889
0.18
0.324444
0.435556
0.513333
0.535556
0.54
0.52
0.52
0.524444
0.531111
0.54
0.48
0.422222
0.293333
0.173333
0.0911111
0.0444444
0.0244444
0.02
0.0177778
0.0177778
0.0177778
0.0177778
0.0177778
0.0222222
0.0444444
0.0666667
0.102222
0.146667
0.197778
0.271111
0.315556
0.333333
0.333333
0.366667
0.404444
0.451111
0.5
0.551111
0.52
0.442222
0.328889
0.215556
0.108889
0.0555556
0.0266667
0.02
0.0177778
0.0177778
0.0177778
0.0177778
0.0177778
0.0222222
0.0466667
0.104444
0.18
0.182222
0.171111
0.155556
0.175556
0.175556
0.2
0.26
0.328889
0.426667
0.504444
0.54
0.54
0.46
0.357778
0.233333
0.133333
0.0711111
0.0244444
0.02
0.0177778
0.0177778
0.0177778
0.0177778
0.02
0.02
0.0577778
0.168889
0.288889
0.313333
0.235556
0.184444
0.146667
0.14
0.164444
0.251111
0.346667
0.437778
0.544444
0.564444
0.564444
0.455556
0.351111
0.231111
0.135556
0.0755556
0.0244444
0.02
0.0177778
0.0177778
0.0177778
0.0177778
0.0222222
0.0244444
0.0644444
0.204444
0.393333
0.468889
0.42
0.357778
0.295556
0.28
0.308889
0.373333
0.455556
0.522222
0.573333
0.597778
0.575556
0.453333
0.317778
0.217778
0.124444
0.0666667
0.0266667
0.02
0.0177778
0.0177778
0.0177778
0.0177778
0.0222222
0.0244444
0.0555556
0.206667
0.44
0.555556
0.577778
0.542222
0.52
0.486667
0.504444
0.551111
0.573333
0.62
0.62
0.602222
0.535556
0.402222
0.282222
0.177778
0.0822222
0.06
0.0311111
0.0177778
0.0177778
0.0177778
0.0177778
0.0177778
0.0177778
0.02
0.0488889
0.175556
0.377778
0.557778
0.631111
0.688889
0.695556
0.695556
0.686667
0.684444
0.677778
0.677778
0.642222
0.593333
0.453333
0.335556
0.231111
0.128889
0.0688889
0.0466667
0.0266667
0.0177778
0.0177778
0.0177778
0.0177778
0.0177778
0.0177778
0.0177778
0.0311111
0.0977778
0.264444
0.413333
0.544444
0.666667
0.737778
0.74
0.726667
0.726667
0.706667
0.648889
0.591111
0.468889
0.362222
0.226667
0.137778
0.08
0.0511111
0.0355556
0.0222222
0.0177778
0.0177778
0.0177778
0.0177778
0.0177778
0.0177778
0.0177778
0.0244444
0.0422222
0.144444
0.246667
0.355556
0.486667
0.577778
0.626667
0.633333
0.611111
0.582222
0.52
0.408889
0.313333
0.197778
0.131111
0.0755556
0.0511111
0.0355556
0.0244444
0.02
0.0177778
0.0177778
0.0177778
0.0177778
0.0177778
0.0177778
0.0177778
0.0222222
0.0244444
0.0533333
0.0888889
0.146667
0.208889
0.262222
0.302222
0.324444
0.32
0.295556
0.235556
0.173333
0.128889
0.0822222
0.0511111
0.0466667
0.0333333
0.0266667
0.02
0.0177778
0.0177778
0.0177778
0.0177778
0.0177778
0.0177778
0.0177778
0.0177778
0.0177778
0.02
0.0244444
0.0377778
0.0466667
0.0688889
0.0755556
0.0777778
0.0755556
0.0688889
0.0644444
0.0444444
0.04
0.0333333
0.0266667
0.02
0.0177778
0.0177778
0.0177778
0.0177778
0.0177778
0.0177778
0.0177778
0.0177778
0.0177778
0.0177778
0.0177778
0.0177778
0.0177778
0.0177778
0.02
0.02
0.0222222
0.0222222
0.0244444
0.0244444
0.0266667
0.0244444
0.02
0.02
0.02
0.02
0.02
0.0177778
0.0177778
0.0177778
0.0177778
0.0177778
0.0177778
0.0177778
0.0177778
0.0177778
0.0177778
0.0177778
0.0177778
0.0177778
0.0177778
0.0177778
0.0177778
0.0177778
0.0177778
0.0177778
0.0177778
0.0177778
0.0177778
0.0177778
0.0177778
0.0177778
0.0177778
0.0177778
0.0177778
0.0177778
0.0177778
0.0177778
0.0177778
0.0177778
0.0177778
0.0177778
0.0177778
0.0177778
0.0154739
0.0154739
0.0154739
0.0154739
0.0154739
0.0154739
0.0154739
0.0174081
0.0193424
0.0193424
0.0232108
0.0212766
0.0232108
0.0232108
0.0251451
0.0290135
0.0251451
0.0232108
0.0212766
0.0212766
0.0212766
0.0193424
0.0174081
0.0154739
0.0154739
0.0154739
0.0154739
0.0154739
0.0154739
0.0154739
0.0154739
0.0154739
0.0174081
0.0154739
0.0174081
0.0212766
0.0232108
0.0290135
0.0464217
0.0560928
0.0696325
0.116054
0.160542
0.216634
0.274662
0.276596
0.22824
0.160542
0.0967118
0.0522244
0.0290135
0.0174081
0.0154739
0.0154739
0.0154739
0.0154739
0.0154739
0.0154739
0.0154739
0.0154739
0.0154739
0.0174081
0.0212766
0.0212766
0.0270793
0.0464217
0.0676983
0.102515
0.147002
0.22824
0.355899
0.477756
0.549323
0.558994
0.45648
0.330754
0.189555
0.0870406
0.0464217
0.0251451
0.0174081
0.0154739
0.0154739
0.0154739
0.0154739
0.0154739
0.0154739
0.0154739
0.0154739
0.0212766
0.0212766
0.0251451
0.0367505
0.065764
0.108317
0.16441
0.224371
0.350097
0.50677
0.603482
0.669246
0.630561
0.487427
0.324952
0.195358
0.0967118
0.0444874
0.032882
0.0193424
0.0154739
0.0154739
0.0154739
0.0154739
0.0154739
0.0154739
0.0154739
0.0154739
0.0212766
0.0232108
0.0290135
0.0444874
0.098646
0.141199
0.224371
0.344294
0.481625
0.609284
0.682785
0.663443
0.549323
0.390716
0.259188
0.148936
0.0618956
0.040619
0.0309478
0.0193424
0.0174081
0.0174081
0.0154739
0.0154739
0.0154739
0.0174081
0.0154739
0.0154739
0.0174081
0.0270793
0.0386847
0.0715667
0.119923
0.197292
0.313346
0.45648
0.601547
0.696325
0.680851
0.576402
0.398453
0.26499
0.147002
0.0696325
0.0444874
0.0290135
0.0232108
0.0193424
0.0174081
0.0174081
0.0174081
0.0154739
0.0154739
0.0154739
0.0154739
0.0154739
0.0193424
0.0270793
0.0464217
0.0870406
0.172147
0.268859
0.40619
0.566731
0.682785
0.696325
0.586074
0.431335
0.272727
0.15087
0.0754352
0.040619
0.0290135
0.0270793
0.0212766
0.0193424
0.0174081
0.0174081
0.0174081
0.0154739
0.0154739
0.0154739
0.0154739
0.0154739
0.0232108
0.0309478
0.0599613
0.125725
0.232108
0.353965
0.533849
0.65764
0.711799
0.634429
0.473888
0.299807
0.172147
0.0715667
0.0483559
0.032882
0.0290135
0.0290135
0.0251451
0.0174081
0.0154739
0.0174081
0.0154739
0.0154739
0.0154739
0.0154739
0.0154739
0.0154739
0.0251451
0.0464217
0.0889749
0.17795
0.297872
0.45648
0.640232
0.700193
0.688588
0.520309
0.350097
0.191489
0.0773694
0.0502901
0.0444874
0.0483559
0.0425532
0.032882
0.0270793
0.0174081
0.0154739
0.0154739
0.0154739
0.0154739
0.0154739
0.0154739
0.0154739
0.0154739
0.0232108
0.0676983
0.112186
0.232108
0.394584
0.572534
0.713733
0.715667
0.611219
0.419729
0.234043
0.125725
0.0851064
0.0947776
0.112186
0.110251
0.0831721
0.0638298
0.0425532
0.0251451
0.0174081
0.0154739
0.0154739
0.0154739
0.0154739
0.0154739
0.0154739
0.0154739
0.0367505
0.073501
0.145068
0.282398
0.468085
0.665377
0.733075
0.682785
0.529981
0.323017
0.191489
0.174081
0.237911
0.276596
0.280464
0.239845
0.185687
0.110251
0.0773694
0.0522244
0.0193424
0.0154739
0.0154739
0.0154739
0.0154739
0.0154739
0.0154739
0.0174081
0.040619
0.0967118
0.187621
0.353965
0.576402
0.73501
0.754352
0.634429
0.452611
0.334623
0.326886
0.419729
0.479691
0.497099
0.471954
0.40619
0.301741
0.201161
0.116054
0.0715667
0.032882
0.0154739
0.0154739
0.0154739
0.0154739
0.0154739
0.0154739
0.0193424
0.0444874
0.121857
0.222437
0.45648
0.653772
0.764023
0.746615
0.588008
0.466151
0.45648
0.555126
0.647969
0.675048
0.649903
0.599613
0.537718
0.4294
0.259188
0.16441
0.0947776
0.0425532
0.0154739
0.0154739
0.0154739
0.0154739
0.0154739
0.0154739
0.0193424
0.0541586
0.147002
0.290135
0.528046
0.719536
0.783366
0.709865
0.564797
0.555126
0.655706
0.767892
0.812379
0.767892
0.694391
0.636364
0.589942
0.487427
0.319149
0.181818
0.0909091
0.040619
0.0154739
0.0154739
0.0154739
0.0154739
0.0154739
0.0154739
0.0174081
0.0522244
0.166344
0.34236
0.591876
0.754352
0.783366
0.688588
0.605416
0.651838
0.727273
0.787234
0.748549
0.702128
0.67118
0.649903
0.615087
0.531915
0.338491
0.205029
0.0967118
0.0367505
0.0154739
0.0154739
0.0154739
0.0154739
0.0154739
0.0154739
0.0174081
0.0618956
0.168279
0.353965
0.628627
0.7853
0.812379
0.715667
0.651838
0.709865
0.740812
0.704062
0.630561
0.605416
0.630561
0.692456
0.661509
0.518375
0.32882
0.17795
0.0928433
0.0386847
0.0154739
0.0154739
0.0154739
0.0154739
0.0154739
0.0154739
0.0174081
0.0541586
0.166344
0.373308
0.628627
0.794971
0.843327
0.760155
0.719536
0.70793
0.667311
0.572534
0.564797
0.599613
0.704062
0.752418
0.659574
0.504836
0.282398
0.137331
0.0793037
0.032882
0.0174081
0.0154739
0.0154739
0.0154739
0.0154739
0.0154739
0.0174081
0.0367505
0.135397
0.344294
0.586074
0.802708
0.874275
0.845261
0.816248
0.727273
0.65764
0.636364
0.680851
0.756286
0.793037
0.750484
0.609284
0.371373
0.2147
0.108317
0.0618956
0.0251451
0.0174081
0.0154739
0.0154739
0.0154739
0.0154739
0.0154739
0.0174081
0.0270793
0.0967118
0.266925
0.499033
0.727273
0.870406
0.914894
0.87234
0.823985
0.814313
0.794971
0.843327
0.851064
0.806576
0.665377
0.437137
0.274662
0.119923
0.0754352
0.0348162
0.0174081
0.0154739
0.0154739
0.0154739
0.0154739
0.0154739
0.0154739
0.0174081
0.0251451
0.0638298
0.174081
0.352031
0.576402
0.783366
0.895551
0.930368
0.926499
0.918762
0.897485
0.864603
0.800774
0.647969
0.448743
0.276596
0.135397
0.0715667
0.0386847
0.0212766
0.0174081
0.0154739
0.0154739
0.0154739
0.0154739
0.0154739
0.0154739
0.0154739
0.0193424
0.032882
0.0909091
0.181818
0.352031
0.560928
0.740812
0.847195
0.862669
0.858801
0.796905
0.713733
0.551257
0.377176
0.220503
0.125725
0.0580271
0.0348162
0.0193424
0.0154739
0.0154739
0.0154739
0.0154739
0.0154739
0.0154739
0.0154739
0.0154739
0.0154739
0.0154739
0.0193424
0.0425532
0.0580271
0.112186
0.203095
0.286267
0.355899
0.39265
0.377176
0.338491
0.276596
0.193424
0.123791
0.073501
0.0348162
0.0232108
0.0174081
0.0154739
0.0154739
0.0154739
0.0154739
0.0154739
0.0154739
0.0154739
0.0154739
0.0154739
0.0154739
0.0154739
0.0154739
0.0193424
0.0232108
0.0251451
0.0309478
0.0367505
0.0483559
0.0541586
0.0541586
0.0502901
0.0425532
0.0309478
0.0251451
0.0232108
0.0193424
0.0154739
0.0154739
0.0154739
0.0154739
0.0154739
0.0154739
0.0154739
0.0154739
0.0154739
0.0154739
0.0154739
0.0154739
0.0154739
0.0154739
0.0154739
0.0154739
0.0154739
0.0154739
0.0154739
0.0154739
0.0154739
0.0154739
0.0154739
0.0154739
0.0154739
0.0154739
0.0154739
0.0154739
0.0154739
0.0154739
0.0154739
0.0154739
0.0154739
0.0154739
0.0154739
0.0154739
0.0154739
0.0154739
0.0154739
0.0154739
0.0154739
0.0154739
0.0154739
0.0154739
0.0154739
0.0154739
0.0154739
0.0154739
0.0154739
0.0154739
0.0154739
0.0154739
0.0154739
0.0154739
0.0154739
0.0154739
0.0154739
0.0154739
0.0154739
0.0154739
0.0154739
0.0154739
0.0154739
0.0154739
0.0154739
0.0154739
0.0154739
0.0154739
0.0154739
0.0154739
0.0154739
0.0154739
0.0154739
0.0154739
0.0154739
0.0154739
0.0154739
0.0154739
0.0154739
0.0154739
0.0154739
0.0154739
0.0154739
0.0154739
0.0154739
0.0154739
0.0154739
0.0154739
0.0154739
0.0154739
0.0154739
0.0154739
0.0154739
0.0154739
0.0154739
0.0154739
0.0154739
0.0154739
0.0154739
0.0154739
0.0154739
0.0154739
0.0154739
0.0154739
0.0154739
0.0154739
0.0154739
0.0154739
0.0154739
0.0154739
0.0154739
0.0154739
0.0154739
0.0154739
0.0154739
0.0154739
0.0154739
0.0154739
0.0154739
0.0141343
0.0141343
0.0141343
0.0141343
0.0141343
0.0141343
0.0141343
0.0141343
0.0141343
0.0141343
0.0141343
0.0141343
0.0141343
0.0141343
0.0141343
0.0141343
0.0141343
0.0141343
0.0141343
0.0141343
0.0141343
0.0141343
0.0141343
0.0141343
0.0141343
0.0141343
0.0141343
0.0141343
0.0141343
0.0141343
0.0141343
0.0141343
0.0141343
0.0141343
0.0141343
0.0141343
0.0141343
0.0141343
0.0141343
0.0141343
0.0141343
0.0141343
0.0141343
0.0141343
0.0141343
0.0141343
0.0141343
0.0141343
0.0141343
0.0141343
0.0141343
0.0141343
0.0141343
0.0141343
0.0141343
0.0141343
0.0141343
0.0141343
0.0141343
0.0141343
0.0141343
0.0141343
0.0141343
0.0141343
0.0141343
0.0141343
0.0141343
0.0141343
0.0141343
0.0141343
0.0141343
0.0141343
0.0141343
0.0141343
0.0141343
0.0141343
0.0141343
0.0141343
0.0141343
0.0141343
0.0141343
0.0141343
0.0141343
0.0141343
0.0141343
0.0141343
0.0141343
0.0141343
0.0141343
0.0141343
0.0141343
0.0141343
0.0141343
0.0141343
0.0141343
0.0159011
0.0159011
0.0159011
0.0159011
0.0159011
0.0141343
0.0141343
0.0141343
0.0141343
0.0141343
0.0141343
0.0141343
0.0141343
0.0141343
0.0141343
0.0141343
0.0141343
0.0141343
0.0141343
0.0141343
0.0141343
0.0141343
0.0159011
0.0159011
0.0212014
0.0229682
0.024735
0.0282686
0.0282686
0.0300353
0.0282686
0.0300353
0.0282686
0.0265018
0.0194346
0.0159011
0.0141343
0.0141343
0.0159011
0.0159011
0.0141343
0.0141343
0.0141343
0.0141343
0.0141343
0.0141343
0.0141343
0.0141343
0.0141343
0.0212014
0.0335689
0.0512367
0.0706714
0.0848057
0.0971731
0.130742
0.134276
0.155477
0.173145
0.178445
0.174912
0.167845
0.146643
0.127208
0.0848057
0.0565371
0.040636
0.0353357
0.0229682
0.0141343
0.0141343
0.0141343
0.0141343
0.0159011
0.0159011
0.0176678
0.0300353
0.0618375
0.100707
0.176678
0.229682
0.309187
0.411661
0.461131
0.521201
0.561837
0.591873
0.613074
0.611307
0.623675
0.597173
0.54947
0.45583
0.318021
0.199647
0.100707
0.0424028
0.0194346
0.0141343
0.0141343
0.0141343
0.0159011
0.0176678
0.0300353
0.0618375
0.127208
0.215548
0.323322
0.452297
0.572438
0.657244
0.743816
0.789753
0.821555
0.828622
0.839223
0.858657
0.84629
0.821555
0.79682
0.685512
0.503534
0.355124
0.176678
0.0759717
0.0229682
0.0141343
0.0141343
0.0141343
0.0159011
0.0229682
0.040636
0.0795053
0.164311
0.286219
0.39576
0.556537
0.683746
0.779152
0.832155
0.85689
0.860424
0.85689
0.84629
0.867491
0.904594
0.902827
0.863958
0.759717
0.600707
0.40636
0.208481
0.0883392
0.024735
0.0141343
0.0141343
0.0141343
0.0141343
0.0212014
0.040636
0.0865724
0.181979
0.284452
0.39576
0.538869
0.646643
0.710247
0.738516
0.706714
0.65371
0.621908
0.59894
0.641343
0.733216
0.842756
0.860424
0.770318
0.600707
0.392226
0.183746
0.0724382
0.024735
0.0141343
0.0141343
0.0141343
0.0141343
0.0194346
0.0335689
0.0795053
0.150177
0.204947
0.310954
0.439929
0.512367
0.540636
0.492933
0.429329
0.369258
0.328622
0.303887
0.422261
0.614841
0.770318
0.842756
0.749117
0.568905
0.342756
0.159011
0.0636042
0.0212014
0.0141343
0.0141343
0.0141343
0.0141343
0.0159011
0.0300353
0.0636042
0.111307
0.157244
0.250883
0.318021
0.367491
0.369258
0.325088
0.24735
0.185512
0.162544
0.194346
0.339223
0.577739
0.784452
0.826855
0.681979
0.5053
0.279152
0.121908
0.04947
0.0176678
0.0141343
0.0141343
0.0141343
0.0141343
0.0159011
0.0194346
0.0441696
0.0759717
0.106007
0.166078
0.220848
0.242049
0.24735
0.199647
0.141343
0.10424
0.0954064
0.174912
0.392226
0.659011
0.812721
0.803887
0.64311
0.40106
0.213781
0.0936396
0.0335689
0.0176678
0.0159011
0.0141343
0.0141343
0.0141343
0.0141343
0.0159011
0.0265018
0.0583039
0.0830389
0.123675
0.164311
0.178445
0.15371
0.116608
0.0936396
0.0883392
0.111307
0.234982
0.517668
0.75265
0.819788
0.780919
0.54947
0.309187
0.167845
0.0830389
0.0424028
0.0229682
0.0194346
0.0141343
0.0141343
0.0141343
0.0141343
0.0141343
0.0194346
0.0477032
0.0689046
0.0883392
0.125442
0.120141
0.114841
0.109541
0.106007
0.118375
0.180212
0.408127
0.657244
0.823322
0.848057
0.708481
0.44523
0.275618
0.137809
0.0830389
0.0459364
0.024735
0.0194346
0.0141343
0.0141343
0.0141343
0.0141343
0.0141343
0.0176678
0.0353357
0.0583039
0.0759717
0.0918728
0.109541
0.109541
0.111307
0.128975
0.155477
0.295053
0.567138
0.749117
0.84629
0.803887
0.588339
0.374558
0.210247
0.109541
0.0600707
0.0388693
0.0212014
0.0159011
0.0141343
0.0141343
0.0141343
0.0141343
0.0141343
0.0176678
0.0300353
0.0424028
0.04947
0.0724382
0.0848057
0.0865724
0.10424
0.146643
0.227915
0.45053
0.671378
0.823322
0.833922
0.664311
0.436396
0.265018
0.137809
0.0671378
0.0459364
0.0300353
0.0229682
0.0176678
0.0141343
0.0141343
0.0141343
0.0141343
0.0176678
0.0176678
0.0212014
0.0212014
0.0300353
0.040636
0.0583039
0.0636042
0.0936396
0.160777
0.326855
0.542403
0.736749
0.809187
0.733216
0.5053
0.332155
0.171378
0.0918728
0.0477032
0.0282686
0.0212014
0.0176678
0.0141343
0.0141343
0.0141343
0.0141343
0.0141343
0.0176678
0.0159011
0.0159011
0.0159011
0.0176678
0.024735
0.0300353
0.0477032
0.10424
0.226148
0.438163
0.620141
0.756184
0.765018
0.600707
0.379859
0.240283
0.0989399
0.065371
0.0371025
0.0212014
0.0159011
0.0159011
0.0141343
0.0141343
0.0141343
0.0141343
0.0141343
0.0141343
0.0141343
0.0141343
0.0141343
0.0176678
0.024735
0.0318021
0.0795053
0.174912
0.353357
0.522968
0.674912
0.733216
0.64311
0.484099
0.303887
0.167845
0.0759717
0.0512367
0.0300353
0.0194346
0.0141343
0.0141343
0.0141343
0.0141343
0.0141343
0.0141343
0.0141343
0.0141343
0.0141343
0.0141343
0.0176678
0.0212014
0.0318021
0.0671378
0.14841
0.266784
0.44523
0.565371
0.673145
0.636042
0.526502
0.402827
0.250883
0.125442
0.0600707
0.0441696
0.0265018
0.0159011
0.0141343
0.0141343
0.0141343
0.0141343
0.0141343
0.0141343
0.0141343
0.0141343
0.0141343
0.0159011
0.0194346
0.0265018
0.0512367
0.116608
0.219081
0.378092
0.475265
0.577739
0.611307
0.55477
0.461131
0.335689
0.204947
0.106007
0.0530035
0.0424028
0.0282686
0.0194346
0.0141343
0.0141343
0.0141343
0.0141343
0.0141343
0.0141343
0.0141343
0.0141343
0.0141343
0.0176678
0.0282686
0.040636
0.100707
0.178445
0.295053
0.40636
0.4947
0.54947
0.517668
0.471731
0.402827
0.300353
0.167845
0.0936396
0.04947
0.040636
0.024735
0.0176678
0.0141343
0.0141343
0.0141343
0.0141343
0.0141343
0.0141343
0.0141343
0.0141343
0.0141343
0.0194346
0.0335689
0.0636042
0.136042
0.234982
0.34629
0.424028
0.457597
0.491166
0.436396
0.415194
0.342756
0.270318
0.167845
0.0936396
0.0477032
0.0388693
0.0265018
0.0194346
0.0141343
0.0141343
0.0141343
0.0141343
0.0141343
0.0141343
0.0141343
0.0141343
0.0141343
0.0159011
0.0371025
0.0812721
0.159011
0.245583
0.330389
0.376325
0.40636
0.388693
0.363958
0.360424
0.289753
0.233216
0.157244
0.0865724
0.0459364
0.0353357
0.0265018
0.0212014
0.0159011
0.0141343
0.0141343
0.0141343
0.0141343
0.0141343
0.0141343
0.0141343
0.0141343
0.0159011
0.024735
0.0618375
0.111307
0.169611
0.204947
0.242049
0.263251
0.238516
0.219081
0.213781
0.201413
0.141343
0.107774
0.0671378
0.0424028
0.0318021
0.024735
0.0194346
0.0159011
0.0141343
0.0141343
0.0141343
0.0141343
0.0141343
0.0141343
0.0141343
0.0141343
0.0141343
0.0159011
0.0194346
0.0229682
0.0265018
0.0282686
0.0371025
0.0477032
0.0583039
0.0600707
0.0565371
0.0477032
0.040636
0.0371025
0.0265018
0.0194346
0.0159011
0.0176678
0.0176678
0.0141343
0.0141343
0.0141343
0.0141343
0.0141343
0.0167364
0.0167364
0.0167364
0.0167364
0.0167364
0.0167364
0.0167364
0.0167364
0.0167364
0.0167364
0.0167364
0.0167364
0.0167364
0.0167364
0.0167364
0.0167364
0.0167364
0.0167364
0.0167364
0.0167364
0.0167364
0.0167364
0.0167364
0.0167364
0.0167364
0.0167364
0.0167364
0.0167364
0.0167364
0.0167364
0.0167364
0.0167364
0.0167364
0.0167364
0.0167364
0.0167364
0.0167364
0.0167364
0.0167364
0.0167364
0.0167364
0.0167364
0.0167364
0.0167364
0.0167364
0.0167364
0.0167364
0.0167364
0.0167364
0.0167364
0.0167364
0.0167364
0.0167364
0.0167364
0.0167364
0.0167364
0.0167364
0.0167364
0.0167364
0.0167364
0.0167364
0.0167364
0.0167364
0.0167364
0.0167364
0.0167364
0.0188285
0.0188285
0.0209205
0.0230126
0.0230126
0.0251046
0.0271967
0.0251046
0.0251046
0.0209205
0.0188285
0.0167364
0.0167364
0.0167364
0.0167364
0.0167364
0.0167364
0.0167364
0.0167364
0.0167364
0.0167364
0.0167364
0.0167364
0.0188285
0.0167364
0.0188285
0.0209205
0.0251046
0.0334728
0.0585774
0.0962343
0.133891
0.182008
0.223849
0.238494
0.23431
0.198745
0.148536
0.104603
0.0585774
0.0334728
0.0251046
0.0188285
0.0167364
0.0167364
0.0167364
0.0167364
0.0167364
0.0167364
0.0167364
0.0167364
0.0167364
0.0188285
0.0230126
0.0355649
0.0899582
0.169456
0.305439
0.414226
0.552301
0.67364
0.759414
0.788703
0.73431
0.635983
0.495816
0.351464
0.236402
0.131799
0.0711297
0.041841
0.0230126
0.0209205
0.0167364
0.0167364
0.0167364
0.0167364
0.0167364
0.0188285
0.0167364
0.0271967
0.0502092
0.121339
0.238494
0.378661
0.539749
0.675732
0.809623
0.872385
0.876569
0.876569
0.838912
0.776151
0.654812
0.516736
0.376569
0.238494
0.133891
0.0732218
0.0313808
0.0251046
0.0209205
0.0167364
0.0167364
0.0167364
0.0167364
0.0188285
0.0251046
0.0439331
0.117155
0.225941
0.384937
0.529289
0.67364
0.748954
0.8159
0.8159
0.797071
0.76569
0.75523
0.738494
0.67364
0.57113
0.449791
0.320084
0.194561
0.100418
0.039749
0.0271967
0.0209205
0.0167364
0.0167364
0.0167364
0.0167364
0.0209205
0.039749
0.083682
0.16318
0.299163
0.481172
0.631799
0.711297
0.740586
0.6841
0.606695
0.541841
0.531381
0.564854
0.629707
0.629707
0.583682
0.502092
0.399582
0.23431
0.125523
0.0481172
0.0271967
0.0188285
0.0167364
0.0167364
0.0167364
0.0167364
0.0292887
0.0523013
0.110879
0.1841
0.330544
0.506276
0.648536
0.677824
0.640167
0.529289
0.424686
0.338912
0.39749
0.506276
0.623431
0.665272
0.640167
0.525105
0.387029
0.248954
0.129707
0.0502092
0.0188285
0.0167364
0.0167364
0.0167364
0.0167364
0.0167364
0.0292887
0.0627615
0.104603
0.209205
0.305439
0.493724
0.631799
0.671548
0.619247
0.474895
0.372385
0.338912
0.443515
0.566946
0.696653
0.705021
0.658996
0.48954
0.309623
0.192469
0.0920502
0.0292887
0.0188285
0.0167364
0.0167364
0.0167364
0.0167364
0.0167364
0.0292887
0.0627615
0.106695
0.198745
0.294979
0.435146
0.598326
0.67364
0.661088
0.57113
0.435146
0.470711
0.596234
0.732218
0.75523
0.688285
0.546025
0.368201
0.211297
0.106695
0.0460251
0.0271967
0.0188285
0.0188285
0.0167364
0.0167364
0.0167364
0.0167364
0.0271967
0.0523013
0.0983264
0.156904
0.25523
0.399582
0.539749
0.6841
0.730126
0.679916
0.619247
0.698745
0.786611
0.811715
0.696653
0.550209
0.382845
0.215481
0.115063
0.0523013
0.039749
0.0230126
0.0188285
0.0188285
0.0167364
0.0167364
0.0167364
0.0167364
0.0251046
0.041841
0.0732218
0.131799
0.211297
0.32636
0.466527
0.682008
0.824268
0.843096
0.82636
0.853556
0.889121
0.782427
0.556485
0.359833
0.207113
0.117155
0.0732218
0.0439331
0.0313808
0.0230126
0.0167364
0.0167364
0.0167364
0.0167364
0.0167364
0.0167364
0.0167364
0.0334728
0.0543933
0.0983264
0.167364
0.261506
0.435146
0.677824
0.870293
0.910042
0.924686
0.935146
0.880753
0.671548
0.424686
0.223849
0.125523
0.0753138
0.0481172
0.0355649
0.0271967
0.0188285
0.0167364
0.0167364
0.0167364
0.0167364
0.0167364
0.0167364
0.0167364
0.0251046
0.0439331
0.0711297
0.127615
0.261506
0.472803
0.736402
0.884937
0.935146
0.920502
0.903766
0.776151
0.550209
0.349372
0.186192
0.119247
0.0669456
0.039749
0.0376569
0.0271967
0.0167364
0.0167364
0.0167364
0.0167364
0.0167364
0.0167364
0.0167364
0.0188285
0.0292887
0.0460251
0.0794979
0.16318
0.368201
0.600418
0.801255
0.868201
0.876569
0.82636
0.794979
0.705021
0.527197
0.361925
0.217573
0.129707
0.0857741
0.0460251
0.0355649
0.0271967
0.0167364
0.0167364
0.0167364
0.0167364
0.0167364
0.0167364
0.0167364
0.0209205
0.0313808
0.0606695
0.15272
0.286611
0.514644
0.738494
0.820084
0.774059
0.702929
0.679916
0.656904
0.635983
0.531381
0.376569
0.25523
0.15272
0.100418
0.0690377
0.0439331
0.0271967
0.0167364
0.0167364
0.0167364
0.0167364
0.0167364
0.0167364
0.0167364
0.0209205
0.0460251
0.106695
0.246862
0.41841
0.642259
0.748954
0.751046
0.646444
0.550209
0.523013
0.587866
0.58159
0.525105
0.39749
0.271967
0.196653
0.121339
0.0794979
0.0481172
0.0271967
0.0167364
0.0167364
0.0167364
0.0167364
0.0167364
0.0167364
0.0167364
0.0209205
0.0711297
0.15272
0.32636
0.497908
0.675732
0.732218
0.625523
0.491632
0.456067
0.472803
0.537657
0.556485
0.512552
0.435146
0.311715
0.198745
0.129707
0.0753138
0.0460251
0.0251046
0.0167364
0.0167364
0.0167364
0.0167364
0.0167364
0.0167364
0.0167364
0.0230126
0.0857741
0.215481
0.376569
0.556485
0.713389
0.661088
0.58159
0.485356
0.485356
0.533473
0.543933
0.569038
0.552301
0.458159
0.328452
0.202929
0.129707
0.0669456
0.041841
0.0230126
0.0167364
0.0167364
0.0167364
0.0167364
0.0167364
0.0167364
0.0167364
0.0251046
0.0983264
0.215481
0.384937
0.564854
0.671548
0.702929
0.6841
0.661088
0.671548
0.677824
0.640167
0.608787
0.539749
0.422594
0.309623
0.1841
0.106695
0.0627615
0.0376569
0.0209205
0.0167364
0.0167364
0.0167364
0.0167364
0.0167364
0.0167364
0.0167364
0.0209205
0.0878661
0.192469
0.353556
0.512552
0.656904
0.792887
0.838912
0.866109
0.843096
0.784519
0.698745
0.587866
0.495816
0.384937
0.253138
0.144351
0.0732218
0.0564854
0.0292887
0.0209205
0.0167364
0.0167364
0.0167364
0.0167364
0.0167364
0.0167364
0.0167364
0.0167364
0.0627615
0.146444
0.263598
0.405858
0.550209
0.698745
0.8159
0.861925
0.843096
0.740586
0.612971
0.493724
0.395397
0.26569
0.16318
0.0774059
0.0481172
0.0376569
0.0209205
0.0188285
0.0167364
0.0167364
0.0167364
0.0167364
0.0167364
0.0167364
0.0167364
0.0167364
0.0313808
0.0774059
0.131799
0.213389
0.299163
0.399582
0.476987
0.518828
0.506276
0.441423
0.361925
0.282427
0.215481
0.135983
0.08159
0.0502092
0.0376569
0.0209205
0.0167364
0.0167364
0.0167364
0.0167364
0.0167364
0.0167364
0.0167364
0.0167364
0.0167364
0.0167364
0.0167364
0.0167364
0.0230126
0.0251046
0.0292887
0.0355649
0.0460251
0.0564854
0.0627615
0.0627615
0.0523013
0.041841
0.0313808
0.0292887
0.0271967
0.0209205
0.0167364
0.0167364
0.0167364
0.0167364
0.0167364
0.0167364
0.0167364
0.0167364
0.0167364
0.0167364
0.0167364
0.0167364
0.0167364
0.0167364
0.0167364
0.0167364
0.0167364
0.0167364
0.0167364
0.0167364
0.0167364
0.0167364
0.0167364
0.0167364
0.0167364
0.0167364
0.0167364
0.0167364
0.0188285
0.0188285
0.0188285
0.0167364
0.0167364
0.0167364
0.0167364
0.0167364
0.0167364
0.0167364
0.0167364
0.0167364
0.0167364
0.0167364
0.0167364
0.0167364
0.0167364
0.0167364
0.0167364
0.0167364
0.0167364
0.0167364
0.0167364
0.0167364
0.0167364
0.0167364
0.0167364
0.0167364
0.0167364
0.0167364
0.0167364
0.0167364
0.0167364
0.0167364
0.0167364
0.0156556
0.0156556
0.0156556
0.0156556
0.0156556
0.0156556
0.0156556
0.0156556
0.0156556
0.0156556
0.0156556
0.0156556
0.0156556
0.0156556
0.0156556
0.0156556
0.0156556
0.0156556
0.0156556
0.0156556
0.0156556
0.0156556
0.0156556
0.0156556
0.0156556
0.0156556
0.0156556
0.0156556
0.0156556
0.0156556
0.0156556
0.0156556
0.0156556
0.0156556
0.0156556
0.0156556
0.0156556
0.0156556
0.0156556
0.0156556
0.0156556
0.0156556
0.0156556
0.0156556
0.0156556
0.0156556
0.0156556
0.0156556
0.0156556
0.0156556
0.0156556
0.0156556
0.0156556
0.0156556
0.0156556
0.0156556
0.0156556
0.0156556
0.0156556
0.0156556
0.0156556
0.0156556
0.0156556
0.0156556
0.0156556
0.0156556
0.0156556
0.0156556
0.0156556
0.0156556
0.0156556
0.0156556
0.0156556
0.0156556
0.0156556
0.0156556
0.0156556
0.0156556
0.0156556
0.0156556
0.0156556
0.0156556
0.0156556
0.0156556
0.0156556
0.0156556
0.0156556
0.0156556
0.0156556
0.0156556
0.0156556
0.0156556
0.0156556
0.0156556
0.0176125
0.0195695
0.0215264
0.0215264
0.0215264
0.0215264
0.0215264
0.0176125
0.0156556
0.0156556
0.0156556
0.0156556
0.0156556
0.0156556
0.0156556
0.0156556
0.0156556
0.0156556
0.0156556
0.0156556
0.0156556
0.0156556
0.0156556
0.0156556
0.0156556
0.0156556
0.0156556
0.0176125
0.0254403
0.0410959
0.0528376
0.0547945
0.0645793
0.072407
0.0606654
0.0547945
0.0391389
0.0293542
0.0273973
0.0176125
0.0156556
0.0156556
0.0156556
0.0156556
0.0156556
0.0156556
0.0156556
0.0156556
0.0156556
0.0156556
0.0156556
0.0156556
0.0195695
0.0234834
0.035225
0.074364
0.131115
0.201566
0.348337
0.48728
0.577299
0.608611
0.585127
0.497065
0.377691
0.266145
0.16047
0.074364
0.0215264
0.0176125
0.0156556
0.0156556
0.0156556
0.0156556
0.0156556
0.0156556
0.0156556
0.0156556
0.0156556
0.0195695
0.0273973
0.0528376
0.0978474
0.193738
0.328767
0.518591
0.731898
0.851272
0.92955
0.925636
0.900196
0.819961
0.65362
0.477495
0.305284
0.150685
0.0547945
0.0313112
0.0195695
0.0156556
0.0156556
0.0156556
0.0156556
0.0156556
0.0156556
0.0156556
0.0195695
0.0273973
0.0606654
0.117417
0.195695
0.362035
0.587084
0.808219
0.900196
0.902153
0.876712
0.825832
0.819961
0.825832
0.747554
0.600783
0.401174
0.219178
0.0958904
0.035225
0.0195695
0.0156556
0.0156556
0.0156556
0.0156556
0.0156556
0.0156556
0.0156556
0.0234834
0.0528376
0.0998043
0.18591
0.338552
0.573386
0.792564
0.861057
0.825832
0.677104
0.58317
0.526419
0.596869
0.692759
0.727984
0.643836
0.444227
0.236791
0.111546
0.0450098
0.0176125
0.0156556
0.0156556
0.0156556
0.0156556
0.0156556
0.0156556
0.0156556
0.0293542
0.0821918
0.133072
0.270059
0.469667
0.755382
0.806262
0.780822
0.598826
0.383562
0.240705
0.285714
0.444227
0.661448
0.745597
0.706458
0.489237
0.25636
0.125245
0.0450098
0.0215264
0.0156556
0.0156556
0.0156556
0.0156556
0.0156556
0.0156556
0.0156556
0.0391389
0.103718
0.178082
0.358121
0.592955
0.778865
0.755382
0.616438
0.348337
0.181996
0.174168
0.309198
0.545988
0.765166
0.816047
0.716243
0.48728
0.252446
0.105675
0.0313112
0.0195695
0.0176125
0.0156556
0.0156556
0.0156556
0.0156556
0.0156556
0.0195695
0.0450098
0.111546
0.223092
0.448141
0.637965
0.765166
0.716243
0.452055
0.291585
0.228963
0.320939
0.51272
0.737769
0.870841
0.835616
0.706458
0.432485
0.213307
0.0626223
0.0254403
0.0176125
0.0176125
0.0156556
0.0156556
0.0156556
0.0156556
0.0156556
0.0234834
0.0508806
0.111546
0.23092
0.477495
0.64775
0.749511
0.675147
0.491194
0.410959
0.471624
0.569472
0.733855
0.853229
0.921722
0.831703
0.620352
0.342466
0.136986
0.0567515
0.0195695
0.0176125
0.0176125
0.0176125
0.0156556
0.0156556
0.0156556
0.0156556
0.0234834
0.0469667
0.109589
0.215264
0.428571
0.608611
0.702544
0.702544
0.634051
0.632094
0.659491
0.74364
0.831703
0.911937
0.92955
0.778865
0.502935
0.236791
0.107632
0.0489237
0.0215264
0.0156556
0.0176125
0.0176125
0.0156556
0.0156556
0.0156556
0.0156556
0.0215264
0.0391389
0.0998043
0.178082
0.35225
0.530333
0.620352
0.67319
0.682975
0.688845
0.702544
0.765166
0.855186
0.913894
0.886497
0.675147
0.381605
0.178082
0.072407
0.0430528
0.0195695
0.0156556
0.0176125
0.0195695
0.0156556
0.0156556
0.0156556
0.0156556
0.0195695
0.0293542
0.0645793
0.135029
0.240705
0.385519
0.493151
0.577299
0.594912
0.604697
0.630137
0.69863
0.835616
0.898239
0.792564
0.549902
0.293542
0.133072
0.0684932
0.0313112
0.0176125
0.0156556
0.0176125
0.0176125
0.0156556
0.0156556
0.0156556
0.0176125
0.0195695
0.0195695
0.0430528
0.0841487
0.142857
0.215264
0.309198
0.377691
0.403131
0.426614
0.520548
0.669276
0.802348
0.831703
0.69863
0.446184
0.242661
0.121331
0.0508806
0.0293542
0.0215264
0.0156556
0.0156556
0.0156556
0.0156556
0.0156556
0.0156556
0.0176125
0.0176125
0.0176125
0.0273973
0.0410959
0.0704501
0.11546
0.16047
0.197652
0.234834
0.315068
0.46184
0.661448
0.749511
0.749511
0.579256
0.367906
0.223092
0.105675
0.0450098
0.035225
0.0254403
0.0176125
0.0156556
0.0156556
0.0156556
0.0156556
0.0156556
0.0156556
0.0176125
0.0176125
0.0254403
0.0313112
0.0469667
0.0606654
0.074364
0.127202
0.189824
0.295499
0.469667
0.614481
0.659491
0.626223
0.459883
0.305284
0.197652
0.109589
0.0410959
0.035225
0.0234834
0.0215264
0.0156556
0.0156556
0.0156556
0.0156556
0.0156556
0.0156556
0.0176125
0.0176125
0.0195695
0.0313112
0.0332681
0.0391389
0.0763209
0.111546
0.191781
0.35225
0.506849
0.58317
0.579256
0.504892
0.399217
0.268102
0.180039
0.107632
0.0508806
0.035225
0.0234834
0.0215264
0.0156556
0.0156556
0.0156556
0.0156556
0.0156556
0.0156556
0.0156556
0.0176125
0.0195695
0.0273973
0.037182
0.0547945
0.0958904
0.172211
0.287671
0.409002
0.499022
0.547945
0.526419
0.452055
0.318982
0.250489
0.172211
0.109589
0.0645793
0.035225
0.0234834
0.0215264
0.0156556
0.0156556
0.0156556
0.0156556
0.0156556
0.0156556
0.0156556
0.0156556
0.0176125
0.0293542
0.0469667
0.0821918
0.1409
0.23092
0.340509
0.446184
0.489237
0.493151
0.444227
0.37182
0.297456
0.244618
0.183953
0.121331
0.0684932
0.035225
0.0234834
0.0215264
0.0156556
0.0156556
0.0156556
0.0156556
0.0156556
0.0156556
0.0156556
0.0176125
0.0195695
0.0313112
0.0684932
0.117417
0.183953
0.291585
0.358121
0.428571
0.440313
0.430528
0.387476
0.32681
0.283757
0.244618
0.172211
0.131115
0.074364
0.0410959
0.0273973
0.0195695
0.0156556
0.0156556
0.0156556
0.0156556
0.0156556
0.0156556
0.0156556
0.0195695
0.0254403
0.0410959
0.0802348
0.135029
0.21135
0.30137
0.354207
0.389432
0.373777
0.356164
0.330724
0.293542
0.25636
0.23092
0.16047
0.113503
0.0763209
0.0469667
0.0293542
0.0176125
0.0156556
0.0156556
0.0156556
0.0156556
0.0156556
0.0156556
0.0156556
0.0176125
0.0273973
0.0469667
0.0841487
0.136986
0.197652
0.264188
0.30137
0.30137
0.291585
0.27593
0.254403
0.238748
0.213307
0.183953
0.119374
0.0939335
0.0665362
0.0410959
0.0234834
0.0195695
0.0156556
0.0156556
0.0156556
0.0156556
0.0156556
0.0156556
0.0176125
0.0195695
0.0215264
0.0273973
0.0391389
0.0587084
0.074364
0.0861057
0.0919765
0.0958904
0.0919765
0.0978474
0.0880626
0.0821918
0.0763209
0.0645793
0.0410959
0.035225
0.0293542
0.0215264
0.0176125
0.0156556
0.0156556
0.0156556
0.0156556
0.0156556
0.0156556
0.0156556
0.0156556
0.0156556
0.0156556
0.0156556
0.0156556
0.0156556
0.0156556
0.0156556
0.0156556
0.0176125
0.0176125
0.0195695
0.0176125
0.0176125
0.0156556
0.0176125
0.0195695
0.0176125
0.0156556
0.0156556
0.0156556
0.0156556
0.0156556
0.0156556
0.0156556
